1282350529682774681
976358737552897555
1131623076381980316
48052481
1280937989374865467
1245462655827991388
1263720099451124131
42627220
1079469228134370762
1264498128186928617
1318383068789271119
1325337148317385871
1432288284175748088
36373491
1382596489089042712
1320965024980698201
823049576415445319
1316300804828165619
992429810834037470
1066750183828048530
36744023
49784894
883646434684704399
1360666481735136841
1284442829041093687
1316292808781188079
940764687331875515
1432334252578762481
944815109818646519
1254638646462471196
53867061
1284431012385333320
1320973600215409730
1086877172144751508
997648969716538228
41170793
803330876903827900
616950202243335197
1084453667359318596
1209119666279511238
1284440713202794104
1171053031777916759
45883719
1086827151810029406
1131637673610556688
1059143828623927715
1091538119861474554
610515124179009334
1073647264949337915
714142363562547873
29339826
33032676
39492430
29223854
