982500871663644553
1011965090426313543
19792265
791901476945246260
40566706
1242693608762447715
1297795019970091724
779952946982213044
880726749934369639
1441089838501143148
608526659339823808
14983468
1186503281189089876
33866066
1443165019742581482
988857569179492645
1060802815852333503
20287284
34161982
19199709
1443109202274357459
1234694692438381282
1287424682214365350
41479051
1386776216606156950
19320252
17467805
999158747146138912
1360178861610388565
1093078923913260025
608592429856109653
1205396897328251982
41599798
1130696233779057830
933765843861781277
52061915
