1403606715146249381
1439130683285282329
1340514810794828272
1367955838528816530
1278113649314581624
1480465712023556418
1465741423648706611
1032607736696397813
1417390495191946200
1484063412406315078
1416279179134755143
1450716379137471825
45585818
1478686102667551978
1069503432432185962
1418572520665513562
1325168355167702484
49004325
1019421644739790272
1405455046936527815
1466657302388514750
1244675189783779176
1462704054494589395
1341288846013201881
545488116950477133
1385170509334526969
1416393366136997506
1446016659114646328
1484041557569789861
1285506069494695817
48742032
45585489
1035127581600889818
1374535867597077320
714045731712539183
1127490249268350542
1301166071161578963
1469534850290760286
942995833874324468
1483264200680054502
1128630410055779465
1383323344106729749
41844769
41074940
1314452259235184847
1313138503461415035
885700990888020712
33175616
1342531427144079824
1383244286258293179
975786090224832001
1447659143147561730
1425890693960216131
1304095768992274392
1073733390791054248
1480346771348372975
1046824719044250706
1363490923889970902
1133103454385272930
1022975772234520089
1331505200631924328
1440435426114327515
1009691022925003922
1421398456991628956
1455887883330945075
32315741
1034577327995430095
1386591439478855517
19125070
1466993823869712752
1283424294850322910
45585935
1483280926341832962
1208714347160108809
895771153889590688
1422027708076922672
895696705060357067
1475951762746163852
1407918533067528356
841721310249932698
1217714480033661254
965649594416757139
1308923297838512188
1336690982383301885
32559358
846723133327237029
1076554481566041081
1457796229216111263
1373883989845366990
