1253832577181321869
38331293
1449040720351064887
1109336659332250923
1396773698265238218
1433118064782540607
1420689780917983530
1057844943022019085
1133056467815894502
1387333405037470790
589331747560811245
1463406197572391343
1478423814658897775
1110628913716356320
1449903197501873900
901359374277792241
1463397249967047556
974162369119172564
1273762991813483299
794006918111373560
1378680921630433061
1387038878544159970
1356782682895260422
1478346018414320619
1471555165022049062
43113478
1450400162173864858
1453497024648832293
1484080142346314880
977307465231719638
1028554186682099035
1482935429624099961
645614243188847606
1429008888485479395
1425424293806581803
1454261812535869989
1375235046679887017
1433808782085085091
33625101
1476631740647830256
1434752200986223112
1415217987156910406
1464148791495108868
46252438
1135813018758313281
1475087324627574222
1080226679160044498
1481853977023944063
985793101146698202
1391263506665350648
1393504397025141155
835058549121933207
1483736064552686697
1365637913749188347
1322262010286002432
1470798630365114033
1476888926143962058
1414027035122858655
1230227910190536610
1061239999452474058
1191709959965676305
46249820
1408046933921277614
1445281295217552594
1218038743595296293
1065764390349382493
1025790212562905826
1368930159992942535
1381139296918226876
1359987649800888369
1483846867505083946
1051131011325341228
870045871771379306
1483137409715338344
1389124942262635372
907019384455396828
877066494023698280
1191732692231476579
1077091921013761372
1006427814094051878
1043166044341014938
1464934588429428600
1408433648430495258
857560235283428193
830991128515728311
1160468672991546827
1425738253003336447
1222797702110152945
964737132579388073
1133023542445391594
1080800500929212686
704195690168297633
