1098860781083553745
41628373
1434584598425687860
1366600087455641233
38628604
623005729168727989
1004690533462715748
648724716504179538
910530375625961441
1213528152361615494
44532052
1403982468235882791
813200752018479169
1277055242219166514
1014139840377874417
887556577871974314
1015553010218643691
1320903782970183726
1470340036382050183
1247594356831725507
650188635040696817
1349075026755205827
1425920346179435810
739363725396857060
849047725490153770
1393444235114924677
1361458395636342073
1023836956350538289
883740609869852446
1445412165896608534
1194908978018644619
642421621683881752
1313588474422409346
1471025886437379177
32035956
1177436788376760946
575909120962606347
1297560447736359359
1238834987973946016
1363377795388754119
914865793104049452
619388973766895901
1153499546212801486
38463274
1014409586337910357
1379666532266391331
35526233
1004728035106286536
1409946195796695518
1321389029655330520
1446913664308769682
1470946306450138911
1313597786579197167
1456840772430041200
