580944896809323607
1159858497538291757
1353403479967134430
1146182595802192461
54375225
1355528169004561488
966487158091433212
654793965951402986
1314092428484261113
1345996090322334553
21872453
1385460393267549650
1252707096363525512
1417231615734163770
38150588
1345995282001155873
1343114992961730478
1110614071363101241
1103219056408798706
1353640437460779954
665167612546505461
825239415596532630
1466502038157424715
46685667
778479643750792763
966487164949434955
1259813371129359239
1353653864064161285
1336198182669687575
1049589719653965592
667170542826473082
1447007643318645662
1205639084726528329
815516368820181027
1358352498703845960
1283476313322232862
654530565768828518
875995689888206332
1482429238263412324
796074858455930126
829258837330993976
1215719460433837161
824118043372607803
1353659801042006667
1401409320044063567
44213653
1173404542193868583
810492015155853333
1304088499199128223
824116018543249498
1266439494907750003
1274255993035881268
673346952864999925
1340998650525522452
1397775207490703540
47985066
649408163266240915
1404764463570089304
1435802381637268649
1038156358220585539
1383176465266644432
1078607835652247501
1404176847430175907
865463728918909002
827924383947872948
1089865994128263704
1168672444800349786
1392523497344379197
1217154875373241975
729915110581209926
21901899
1380452946408917146
1285415119367493577
1140256338712880528
1031143726041246737
1359284458769993652
1462018319110140292
1446133625773813816
579318425692732868
880778684392616916
1162770135751810921
37107287
1331474998889716377
818712778635179122
985333492491376755
1484396196012736602
1065833681686907069
1155681119759762034
1065840972856381573
1212216029920237206
