1387647371912450639
995947023610691036
1068561454143892020
1117585201017501246
694784800033872891
639346726705052876
1272090124211829724
1099940333131610477
1293811799491765150
692468257933461709
1393240714250609833
1401280030032050505
996961582337338257
952657886097417162
1088689529361942632
856085565360554794
1117925555537649448
1127970187106602838
1419878403084652417
1018423948795642185
1455029915570192667
681739676720421586
952652679374899616
1400507737945512661
863721333765655082
769084806490347243
679956306250389149
1049518409796120634
1226621347880065307
1197046387615820998
691151888172830137
1385954080019799478
1304391961948513493
1314269289577509130
1447536730092882826
871612951324284769
1362093945343582883
1294700349753662811
1388698177068108591
1429061910984554316
1249601087874390723
1469369086014988114
1482399908929951682
935643263964305927
1385245273264489853
1364279243345203606
1404012202813211246
1392384967177320856
850293441307176962
1198466116157729981
1351061781918871937
1429045575846774849
692317285264950307
