43329208
1368232559259094872
1073683688780803088
857817761170241830
1368222528962290250
1382431370234999991
37343875
1313411775962416916
1019537829742011551
1444729933963780608
1073034822294686916
1073041197701048589
43284924
1185544992997049105
20239391
1253572793341216216
1186501802578048535
883088034253996516
897685509724935026
857884618218974558
1368211121478941191
1348337857744616945
43329703
923527293347606202
1388398505494857432
1453457824679581799
29356498
1424541660510543913
972117663460717466
32455307
890153555448760048
1424638599969434379
1094859045751934216
43334672
929934700889483419
824953692759435237
785689584855354112
43329063
965583912371045294
1248973821483706094
1106118861755819248
713995466386963597
42844191
1128702731069354544
887906944623221229
931619278009571614
925224664028243199
1154488746885826318
1371703405324702984
1027852936500530476
1020213710305880532
1315156373454603177
686501864570204605
1313564108025574116
