1464960835381094208
1459438695089992913
1376437176295216772
1112635018858316678
41800993
1138150943084316590
1143953108604345089
31837859
974221571485045222
746961434712458303
1471133078345895133
856033571459334817
1219115879089521579
1435867633603957589
1391618653407172172
1318790675728922886
1303686444492728749
1480089367592409908
1473179328072224638
1406976925814932346
32770301
721676485032812202
1458452951582915897
43533207
1134739886054737597
1290323781720515779
1246596389052921904
1390250119267780510
823440591650784466
1219978987542507046
1223548209420139840
1427905154233446859
974895833841746784
1350438674209255403
1439125142826909674
831784353882414106
689047451800265326
746231197557506416
1309987842751342368
33014134
1466328420464756729
1428763008395661825
1364307424433588570
715536446797546034
1461976651340450534
47229208
1140931690071881583
874936921224924303
1440298852125147974
602018735683643922
1467229321090299121
783960643053562718
630053033925540350
1482532062570160966
1169289493957826034
1421455084548177006
1269335082027693506
691106182646969693
1468848911123462054
719326464468234756
1451417006176494403
1436874723235712688
28456541
21542877
1417056218981971336
708274981176366857
40058820
31006338
32274244
592731294100069518
1398174408379727789
1208028939107854954
1426855982555531560
871629834101142356
1073519745496698779
1478729099029171177
1389867459681727497
1325288073269463596
1241620208796235232
688794579694739575
1305576263256033075
33271015
1313230839320570208
1020268321124685377
1386253477297127365
1152104847669117400
672920045872934751
1078233736123533091
969857108112375414
1326454912008416451
1225803591952644328
1376663566951662802
1159371161963159234
1153950299986437180
1214529195316216050
1407908896855509044
646799064269731804
