39975643
691103153906907763
14887208
1333264272055106466
1191883853254881227
1364522460950537822
37143357
1165149101895439660
897684569815256241
1454676626178026625
51466752
927170451476421220
1472340357466226004
1013652794469804084
1227284675429613667
21376728
1217666160874015167
712030629719224095
1415966450381986371
39886730
1399719942232770900
1026449337939887913
22491088
711997373283060824
1272649243949800454
1039390091604359614
914362198618495332
1167024176586664523
1370336519000325288
958509809783882156
710541880415973148
1296839374642272871
907608382235689447
879117689307069986
561233330059512549
1333833558170847384
22001130
1472523543388059440
1215115892403630915
1481000989541520484
843732740159107116
1468571207465784429
1463444258714759671
21378527
1375369739271016731
886097600240897188
1088776850650763775
819218111501486030
45906060
1026477396434974234
1468585388952604879
1472324893609172473
1020045422342971787
