1318712535146150492
32952622
23199164
1456826883541372001
1359969469588746756
1304227027278425780
1317873878289642253
53472497
1439494220052582566
1303271434942641379
1435216346310811455
41309323
32967243
1325771840738775700
1062663702133661642
8450875
1448296986111970035
824920946225688130
709670918636467294
1429399408856314444
936757488224335461
37921846
788939607486493485
1398375778725567225
1330432395284334956
974470873801259693
31404385
1422886045642071773
39080554
688110851772859801
33296496
742622306357457020
801886739044015627
846758048422205380
1469192997434441546
1377509496428221347
1381817898326777202
38884264
33261234
1317870681222130771
39803953
1256120568854590566
1448298955508836816
788952935376581054
1313519460288118987
47259609
1107472518123419346
42745572
873050276920199445
796080805297807765
29861009
40275041
1435208834215781674
1429575758652505055
795102492890077129
1073699685265644776
1085945165011530396
29865473
1264101975175966861
1038177724981795524
30247468
1256437547498723695
1479699691163442948
1154842316850189306
1154842971537951464
936818924593884095
32280105
26877478
862778622028740408
31454399
53472178
23199769
38074845
1307806056677403641
1430058474206834618
1199940396961086410
28795498
1393961662882338778
38884717
867223692620397823
33007151
36281871
27483776
33296223
1377547998669371275
33007596
43864446
1396206015807955551
1455597162044682895
