1365967907938295001
1392425318013548835
1348311323576718676
1399138944971316177
958406706420185751
1468015009979527426
1401852388771779053
1392137831477314884
1372449223972247043
1392415670783111134
1439539134203631767
1443454041695387128
1398373179314247287
1459697661947529475
1215196881728587824
1475917075277070161
1382915297290703383
1393465709726707401
1350604722278239341
1151425708207060500
1461489281744207029
1448310298856199642
1350003066777424882
1150008417079087287
1365938283001610539
1469949914069051283
1142440534158859112
1151410957016006101
1156284212219231678
1437595275664824901
1372443866062427951
1479715685198030168
1365928904360458398
1275016116142973490
1214334375195673452
1392420078154016194
1410928191294974644
1413409077363251101
1395510637638105830
1153607059995538956
19939757
1156260217164803303
1461688800686191638
1156881374724155032
1306594790709931217
1407061254150926340
1450698295688537788
1150013965701471745
1372463164947259948
1399301716080009641
1440521997823848518
1426468642789520356
1467065404655023194
846301199250400335
1283826796848318028
1417885657614657174
1272184017995467183
1447916338240690203
1425179339750247091
1272189025646780779
1307823818191752878
1143885301839568463
1414333221036287542
933182080020296324
34415501
1306992264029617255
1408337160484916697
1026117954700508488
1298913216782078200
1182383073938871790
1376847746179925424
1365953834004827421
1326081714387263372
1112980029808397576
1282626468267567231
1367166075173026187
1359217116696784507
1312121630463795082
1358726564518414602
42221593
1398961687967182356
1383177846567749477
45034183
1406533376391963069
1318630134628420354
1334631490887433543
1299754980115120032
1441868829167506523
1357856166476097665
1323891888012442327
1151216889313926411
1219467917054461207
1372573879400771820
1395538012726140068
1132336027514085224
40080423
901983060963253878
1467366799247735461
1461679656053459734
1375904820508485070
932401152124496990
1408579867296024444
