1480321237122816694
1031465360129227817
1332993816634870103
1411263390436807296
41633557
1436254323704523147
1483902638683648375
837997395753354232
1471531915365392937
1451066875165475055
793920569641521312
1478784391969107558
1481210720616335984
1388376929946599747
1384731528404915756
1267776449236526444
1386677532065757597
1153589081980073948
1405455292890476498
1096907958835643113
1355560805442583268
1431605467185777854
841615158524677354
1130454047969136365
1446722428608010971
1122984549114080860
1159412409840447672
1398509000837952055
1406260562951662161
22589417
1403446648214417893
1382459009257947141
961171281068100779
1354034956610786271
1477434147319910336
1405582266246071574
1381162222903983951
1362900275038072378
1283627651180127100
1420191122138929647
48582818
1051928070847582780
1400346889584485614
906297344038445664
795359010871725861
1265931381903694458
1157584275984300517
1091935757909938886
1483695171154669339
924506892642279589
1207035858513313814
1408674444467459483
1433107160024710185
1369558149436208829
1463774882096774286
1396154963613178059
1484447414000244304
1073655009083469081
1030222201380567140
19105369
1483704020261219161
1345732869216634829
42730836
1115795720416285898
1212253899350842117
1470655490842539197
847664404833522359
1450694178464060543
932379232173695661
1467364918597615027
564072695252212143
1454371977616308291
1416543529993232308
1431549315246505612
1112648076080593949
1389613016562911400
19299725
820160726977438983
773828902752184528
578696688303004289
1365706560215602338
1048145499764287310
1177365517811363142
1293197877134980190
1484047926902232645
1454765614397445731
