35472252
873443798559383667
830389438113348766
1349987925757992546
890090580630118450
1454331362601334722
1327327920112137900
14078300
1463531565607283835
1250999434719001124
1198475103274409558
27097061
699209610856861453
830389421412800870
836821647740696251
1417137370844923641
1232535810998238860
859196034378960113
1026622225674372928
1478067728295389009
1035083284533401789
1104305635961651601
784384469401827787
1262625908652394218
38360695
1448687455585712722
1154130831010121933
1154108130135463627
1198477737913513425
1431531529191203623
888904723600069383
745183878225323211
1058938751726733153
27859988
1214358140479993541
1432228085171231036
1435343110467268916
1031673219665689973
998136384838479056
1232415192383389681
1208353352474359949
1036414942131740542
1305557862486712648
1059657389968409604
1230939572287409001
903780806676876698
1346771742158053315
1269940272231377157
1232404037236627389
22019429
1358460928592992775
1321589188663936356
1426742197507232254
1478814120459617598
