1472463992661713538
1302020940736963593
1119982722360738758
1349816974450122699
44327606
1257889185054746711
1461235009529748726
1151228825541448008
1237991215368318494
991606038407648553
1115702579095453176
1430847666846911077
1369386537926822111
1450476499888643968
1349820351197830168
1448355521481137499
1323680488646761636
985922055543644431
1457204709370650966
939535655101211958
1167863351051675090
9866457
1282961515250973250
1151222321563760192
1316945059780242965
1422188423335209805
1257558406820219567
1341127181889011803
1247565160278753943
1027063642399290949
1061414104023875912
1471503107060373360
796956763289740604
877968225782636312
23774508
1151157492868212141
1282971185789910921
1451470496684309729
1338733264927820310
1269331216762864298
1151011114280862043
24688013
999737439169489889
1341137196630690220
1461294786682004578
1007958533567302227
1349823037319060253
1437408486636831203
1341134730909431789
1430122412220027117
1293306416307153111
1468549027786310593
49260397
1472472652647635972
