40999457
783030410697766264
46344679
1157907186846318260
42659638
1195437811416344933
1479586527034539528
1209406974646710536
626965726587648004
842128968989941953
1466165386663143765
1478842047611264866
1428704237593006955
23413963
46349429
46358461
835048816252981027
887523635627528098
1094819944202168482
1104035835039457884
640453297189990346
1157802029956381717
1158606946077934849
1070172283376193344
1353922487984096977
1284438012376975805
42659450
1283991924066179073
1390573136769303105
1101444751686771084
1145440628587251393
1139797082824663457
1349782611650210810
1284404298476182468
1022170998992287106
42568550
46358657
891508295918585747
1420675736092235846
1286690535467375696
1228637639668989221
913340571971419259
44419461
1353916961780364344
1228624821227691643
1228632768043048151
1353908929077337274
1157894246357216611
1157915897807427947
1101426112068970638
46349100
1166681552814145818
