1318712535146150492
23199164
1456826883541372001
1306225936022562718
1317873878289642253
1444727666562209251
1439494220052582566
1435216346310811455
1303271434942641379
41309323
940157909296982998
1062663702133661642
1325771840738775700
998490927779334224
32967243
1448296986111970035
36281871
709670918636467294
1429399408856314444
1398375778725567225
788939607486493485
974470873801259693
31404385
1422886045642071773
688110851772859801
1459332554690200783
785689584855354112
33007151
33296496
27483776
742622306357457020
846758048422205380
1469192997434441546
1377509496428221347
1381817898326777202
38884264
1430809612974021457
33261234
1317870681222130771
39803953
1448298955508836816
1256120568854590566
1430058474206834618
788952935376581054
1199940396961086410
1313519460288118987
47259609
1107472518123419346
873050276920199445
1118393634285278913
40275041
796080805297807765
1435208834215781674
