1407637103573534960
1140172494468136256
27842139
1468725861895495050
1441854726642111603
744628434045623502
1383642096323372727
1456260312090183199
1235516233133511874
1441724754843203957
1457921296890061948
25902258
1149060061708465852
1387356901865288938
733270843782791589
1210188841673851054
1377383073612119070
1044586775765832107
1410873364904503808
1117901973868714933
1396900298104560749
1362975087564972175
1378701266928867078
1441716748492297321
1481592223271895214
1480306927513821840
1278831462430023963
1430285352054809265
789494366667537682
1434648585650666967
1399116031370301976
886523307366818096
1404166327638900936
1405416475615308730
1106972325200300359
1482430631042697587
1226177785040962162
1418060735031007186
1020142040461032186
1470656712687998267
989631995282737333
1407593622478224482
1225989943680988734
1188048155349315217
1484591378194841086
1479431346543550878
1463788446366742878
1470215395443771302
1407601292229384851
1482028832362875180
1482550642284047849
1453028513008969532
1301244136799481923
33960388
1019169265790432129
1484579909476669551
1380435365259160853
1231461508141082705
1415555859787425651
1484621698851593198
1050990713651603089
1389844071214603601
1420325403297919653
902740396149438067
1401264850068904666
1445601206364492734
1265740103833405288
1318816766099724476
1402672103276477912
1482257889878243184
1482605631105554552
1458782176036107319
1316385464831393242
772784515702828834
1484586168194560235
1222919602236706540
1369338945277182141
1123521333933605134
1199325553276991511
1466783006936841330
1265794307356918431
1364503055472486650
1423768720440367794
1422552910097914216
1438241736680273292
786069452527179566
1314854063456110451
1389197793823041014
1182356880050149545
1484623486992800371
1412318766190744088
1264804541140122005
