1362904844415247249
1223872401667486961
1172319737947003600
41866597
1414855302131701494
54331611
4512367
26865738
1435488586683218398
1361269245452029373
1314183523339711748
1445709912480469149
1474623816760187374
1102498563132294215
855405914981138386
1358989139976466791
1449222770979460082
1289799756877698854
1474346231548119963
1312846016099377409
937190310688885455
715042081842800060
1464837619996182378
1386534401768293918
1432978236527560334
1456283986369349154
1455757500104632587
1315927078893002806
40831029
1303971156164790101
1303320966876283847
33840031
1478254813897050771
912765915659475823
1476629630064846959
1357744047486729204
945108980302753882
1436224997368259445
1450692413140798922
1475420976687840682
1376413177563647548
1368355762128236693
1478977034249752822
1422840761242326527
1151131522672903986
1417631035568011093
1085170585299728902
1432585951433746061
1422892853568421514
1472475203219391436
1393114855396767011
587503029743381689
11783951
1427595425543915336
1387347529930589350
1404046298355432254
855399569931298313
786527509743104000
1286585693395543955
1396915267028162719
1151114852369910532
1388793234606644391
801677508118191866
32828938
1468475008648543544
1318826926188566741
25897422
1389101759398129769
41441457
1474656068388621536
1476801383788501946
1345490419564915173
1387355340842053330
934347144700191362
50321717
1480924036083489940
1352118804004835204
1426408729907004295
1438831589204716944
1228207859825520205
1475413404513582202
1422929143879433568
39491243
1437965310778562383
26238667
1464858680492197171
1446916522269041198
1444646205775507191
1395726127582223155
952128054124446823
1430994290262059944
22647716
1438810148234092411
1427344040661933733
