1456926033301070798
999606942853775732
1442582969303181532
1310601787131185183
1461659425770860892
941763405302081156
23884667
1096087480800557903
1238129884901935697
724286272994170005
967830817959574563
1023496641555476249
1368514394972278020
650425451200538810
756012896599766512
1106088953269009902
44089105
887383475254131539
982164958701477990
878273165549925273
887437437276934323
1466594847914808919
1305615499777955501
1442815695319471067
822786068035848365
1242389486477753615
1170044612816742043
1355781418068934899
836641559192543920
1202616262080488362
1404958060311354310
1201325751003953139
1460698699096015099
29245929
1238140120364119571
947390371658440606
1480242371601049815
1417952285655364792
1182412465539914286
769218212535540443
1475858392643854336
1379415739832619096
1116590218019081772
1191724072020832371
967780682988361814
45793295
888311029193842828
1163068136146920558
1414805609128265107
674911632639449773
1295421104206430733
1180025634112845125
1309879262375479680
1218549742085701482
