549371695289833319
1421483317683928940
1462492883679565444
608313107323620534
1286968127709232309
1465047740808956997
1416779675366285813
1376923476561368537
661326156547162108
1477439666884111254
1227878723288404481
37904078
1387443497173935372
845200553024497606
720626684081324553
1355470531887607316
1469673422656344422
911327484308679415
37438031
47721896
1419640569949231695
32828042
779305451659801687
1300743635716731929
37438999
1226597375094477010
1260476100836461179
1472976898372032869
993917312969667312
37437121
29351234
720626854811976598
1186483827647046335
911327477270759708
1433239317954470529
40010744
757564357671731414
1289574455655234343
1385214648261256373
806051627029188226
1295875665423914367
32509259
824371194974465878
1465253195713895826
42783700
34268532
37440015
42783454
1446165037238495214
1055612293069891639
1431578208631426756
1296401143225279012
1434567103297554026
