615424528407718335
897728067680783951
1393282236768443800
1389036626179464122
1116970935202897396
1249060372660846110
646682255977720136
940151944346315888
36428893
1304140565059419824
48432205
49260397
1197076488458195538
977861081956619678
1188886088567746392
637172819753959116
605409003177670226
1104767776557736838
1153205120009796359
25474700
1122474636657513412
1300955489194915600
1363299956188827374
1310700511074341061
1378609953268817027
1368164680779022708
1358720408701084204
1064966971972338098
1150327676869163559
1186559542205734970
1241582834188218372
1475882879738230761
49122329
693762255128030442
1077348551607512396
1409429402592693979
620008826280568590
1304294032272470342
1300756772289936205
1319172740253103997
1100293782002614656
1082400972265675038
1309367065073470018
1167756403852887209
974175809630713230
1143835257670001878
770585400801487491
845159337501583341
44436361
612091528148614743
1476049085886492413
797399299143106690
1357796538868551621
933061658346695840
31108870
1468571158490941200
1305634658469010890
980749653854382607
31629344
48074325
626217714601016350
41119825
39680407
48682175
36120188
706031655175773847
885379648760515843
1389672115429910365
1256807269425487366
1166475565786062552
1353633674986692593
950258561192760786
637173160098179848
1166470417226016224
1382636416201169488
1354749296660000335
1309129267325165346
1356134075094296102
1465687429202987854
1416350415418627755
48432038
720059934620760374
1304288259024417951
1284588524670699936
1150382933186585962
48095702
