1431080503415553841
884276754059760294
629905767604040204
1067110130367753773
1083205160322092815
1230791099339141384
54359959
32846326
10872239
1451386051193546963
22390005
1404695588850085674
696559878651803186
977310697376025912
1004020079281162599
23623609
1465565035955024785
49047080
1209935304470228520
812523353110185080
1070024217724686273
25346140
660048273738385584
599720814234166357
1068248862574150915
1036796897497197554
705707461767593599
38170076
662603866295754650
820711591494268959
1004019984890166733
1294709527216256273
1032312436131141606
645941788054807151
1459209360862945255
1451423066181747906
1470767033620544286
1449856073903098169
1040025273090590501
17574593
45338045
1012553475563213205
1067115559146987146
1298309305759265056
44253367
1055571845421565846
43193288
700411826248445635
17505126
48794361
1275065106218831800
1067110196716839795
986662783244908160
20740947
