691103153906907763
14887208
1418622082120835151
1333264272055106466
1191883853254881227
1364522460950537822
833598761009394855
37143357
897684569815256241
1231554711891686030
1454676626178026625
1165149101895439660
1227202674464151300
927170451476421220
1472340357466226004
1013652794469804084
21376728
1217666160874015167
712030629719224095
39886730
1026449337939887913
1026438854673442114
897685035832406758
968024676001134988
711997373283060824
1272649243949800454
1039390091604359614
1042397827080329129
914362198618495332
41649095
1167024176586664523
710541880415973148
890436529072219159
1296839374642272871
1375798327024567418
864889201660221006
1004301121419272697
561233330059512549
918497826644883718
968359702447107401
1085903164927301664
22001130
1472523543388059440
1215115892403630915
38195574
1463444258714759671
1026462393018076773
886097600240897188
819218111501486030
1231731525585841030
1026477396434974234
1472324893609172473
1231717253784827765
