1253832577181321869
808480211300509835
1389811010244134359
1244191867317132286
1359938238110963584
1433118064782540607
1414988701422239380
931571748145382055
45822179
1421434261250063324
762920246060825122
714979929179217364
1290893809938879853
1104256643933050314
895455129319687418
1478423814658897775
1379782022513179196
1472953563287275121
1377523060546704444
1218549598490392942
1360726833308865197
1322124298350447532
1478346018414320619
912685264439774128
1332559061018809969
1411901179695836694
1402893503573141502
1314876924914433661
1435927537257734605
1310268474245286898
1358341909987663738
1422288349394772055
1371031614984847428
809321401587631912
1111101149845482421
1369904220753136249
1373673990393219019
1326170240515219386
1380207202133453679
1476631740647830256
1369354496247033164
1415217987156910406
1336281880293445180
1214703413070366731
1196719373336500924
1475087324627574222
1137877256489506213
20856961
1429482500118187007
1414280275361835196
1150749623889929310
1483736064552686697
1409974856451927455
