318062051461989467146801685
1467808657118719225
1079312258568733524
851316054970812704
42452043
1437048858545925179
1143272564610195603
1473807377884909317
1425030378529197065
1309142707943224777
41384408
554529106119418087
1054100681099705209
554511095407617092
1464512648195729202
657876418488380259
21936643
593850415103854615
1356238466323482135
1400345739848151533
1374554742969554608
1073712782415369169
1374551451876673311
1427820995793841848
45462733
1053959415955822646
1419906018467315304
42497515
1466411673817947303
40798076
654506497250613076
616280337046245710
1431057140208451323
1372102448539164190
1310920687030219419
1470946200781786631
848311805070102151
1279482325279844401
1398171196517079165
886149432601940958
1398300674108242783
31815136
1161237555450849738
1429534974426807054
1478100708443651886
1477988441925854809
823410792395034757
1397561542042482589
937636872282999232
1054081680601853070
1161195056751872571
1442768495766705307
1460636708913301839
1398364116174354555
980320667740128954
1299649752380603915
1054091049968139296
1459467450917188913
824954596550744500
31772767
42612687
867230892123024122
1459463251633398875
568493682491949688
1437040460853382375
1403419370401674023
42441831
31806205
1445491052209049942
1355797873721695009
917234233498418027
866367461537675274
45574899
1455406648629498475
807156523063349519
1372116394688985558
1459465415416761001
897679190148668921
1097506720978790488
1123842678449184295
616285080781518153
1454699613340165917
980879863237754320
962638010416395695
1251031279071629181
1419995070383678296
775270424128624409
1160171715272185241
42162702
1286011860367449953
