1370353661799682887
1420829056234308048
1035809379199656235
21257011
1410665961759212280
1413459219486156572
1349256507026544419
1483266365565441887
1409012388552540521
1136714151651691538
1470214563534386921
1340646445770267970
1466337482447049728
1359770113964748495
1222180270389729854
1032411403291746542
973561943883602438
1026412590711073533
1468769990868166446
1364470140196410997
1425687873336849324
1442451636501493445
1161514273663185331
879152246707077363
778479643750792763
1026404518269479904
1389464286982554419
30686327
1391621093506972858
38501016
730126354008158252
1425228509538429433
1479065718675047198
616768571533462336
31196394
1313395078263744173
1277527466469176658
1081648792915004613
1427432495648930232
1414513328646986344
1430237022033966644
1100244230571275345
26927272
1065746261180338604
1409151667070939867
1468390980022309310
1359861225249774639
1106255206690387392
841379403205973368
1016271694478984055
42765978
1459959447175940569
1368791301080670894
