1407788340950810999
935215854141682580
45183029
1165464140086972671
1466966771443205956
1436068021557192966
1407896639896361139
1393769265769928964
1482253561445497938
1403654287140763426
1327977903000459500
1426608935309261350
1425015195283757439
896603369900040430
1260468454798759712
1483841323219110428
1253310396687396164
1323067205312957829
1241995204079084472
1262131182206191541
1333776718884665864
1316511213367954595
1116446989306694167
1457094368022601385
32117530
1219256219923093643
657654499537196302
716225498609779317
1292752618788675088
1227177683044708653
983003416770617839
1269282532613499503
1265701148029564575
1304272272515807781
41681493
757645628590508029
783044281034136698
1011333618008591126
1311214323534070176
1352836510021286509
1279490593047483118
1280930997370945234
994073660298352015
1226715101702238067
1386263970435580272
1277171200256222085
1251198317501533556
1462144802346881154
1292094588450154108
1354701204030615130
1377910826289941377
40381988
1394048314315266225
