1268459523747891058
1435488586683218398
1172319737947003600
1418230758825112757
1414855302131701494
1445709912480469149
1438831589204716944
766504533885247204
1169573289562928007
1443045969520713641
1400763753198209176
1338397955251957738
1228207859825520205
38317848
919500281944048644
1449172582903181527
1055452541053458086
1406273814660686811
1474346231548119963
38180543
1161511440219813676
937190310688885455
1310685727156667498
1407020056926264780
1484576237416339517
1456283986369349154
1455757500104632587
1176527002062899988
1315927078893002806
757590269288161544
1286585693395543955
848988085806142465
588944074407900848
1131586299561342563
43600764
33840031
40271468
1478254813897050771
1335823257425611045
912765915659475823
608500841169929563
919503532309995666
1452923583180262632
1450692413140798922
1471613664707191516
1376413177563647548
1478977034249752822
1151131522672903986
969876765988035536
1472475203219391436
1403252448819873855
1393114855396767011
1382330709218955943
1430994290262059944
1411682100235328722
1439447977629428785
1166212806936006289
1450508876641124576
1335100666046190534
1063719090837629869
24323267
1196718800845344933
1430811445405681025
1474623816760187374
1469409396004163823
1383147390953332142
1299760791605870288
1401828949132622214
1313533433399266076
1443037401752125665
1484506079152716636
877063553937562133
634243324217220520
1397518817034100791
1310622836269083662
1445457245039816610
1388140506148444891
1425076041265318567
1430951965720209154
1187424115567706634
1474656068388621536
1422929143879433568
1465991558397855581
1310613827349519876
1357973295680671706
1444646205775507191
1085170585299728902
1172977479803091011
1443957116712860445
1445518678949835571
1152120477729184740
1002872498632272965
1389101759398129769
1447848937432542387
1441008194792830805
1303424837783963641
