886583914933389733
1451040510306562710
1448954182766283436
1033976317933320268
1384820472614676781
1353319755117179264
29172819
590184912448781477
1329382059165587593
1381162468136341857
1436994600769763440
1030117730743341289
1414122771939685085
31808487
940347138941672795
1477503996139945518
1033710016449822074
1459073381121391271
28038121
1353264709691225923
947426634974204263
1399856440525100898
627082232156893606
1356936959978553283
967237609817852306
1304287225965598770
1447404855468878734
1330963544315960104
1388427876268428238
955365427007928655
1399865504751156354
1387698336756820067
1390987474638300518
1399834853245958545
37204932
49869920
1437390595587229466
1405036727342668154
1424644107941860540
27625057
1227847580999184823
919282440779482046
569217062052841397
1215196881728587824
24289481
1133268973660928159
769083294146606739
1302685952681902571
1311258563777207682
1476071140738185193
886491261345483331
49842246
52904771
718685825177853779
