697346203694152233
42645661
46472415
878064083003702911
1337671246749641773
639365790762530145
1389515612683567134
1435261598394791547
858384971893549042
1462411620357853580
1464690329897845315
723086378880406504
1219381416318514742
1446125698788224138
24017754
1438369262772974099
1189761903443523743
727400659701101831
824892706028717003
1465817368752992746
1005515849949359999
17798958
39121676
1456916129565098803
33210827
611910119892675850
1369519918579202298
1447600043586279140
1096805319217074905
1218517898282528200
1234396026602354876
828662163568163739
1427304674216982126
1212972870571004211
1396137835687654679
824899335105175360
1359236673585798154
873351065467510881
1468849920474252316
1405021620100551709
632257923618482396
1380322049502902790
1213447529857980910
808474785908577477
993803148269859650
1136821556415138664
1400749817016637477
1120975619663796600
796267952384752548
1283336881539773171
771491206355639047
1483811772681628294
1475175109574078693
1196880954786217975
604658660796626022
988949948099314764
883796962488524234
1164336837141404195
1009332286691703127
1207589919571733015
1334505335592663954
1267643032156993711
756080542942393810
637845541234075459
1325651114683369115
806162630766951757
1060757285421216023
1388215983115134149
1097070582043484565
1366678640499977498
1285122904805246609
1325707903646251033
1119799683179028879
775786221418464174
42645904
755598180563169665
1294733443756409800
1293260558232306833
1171685514778035397
1173182202562359577
1088139395775767282
1210629161262167283
1484618353357650487
1148873157935672028
1407735783574072993
795516872682332326
1353932765454574996
