549371695289833319
1421483317683928940
51466752
1462492883679565444
1119322787517263589
1286968127709232309
1465047740808956997
1416779675366285813
1376923476561368537
1303979114554444984
23623609
37904078
1387443497173935372
1137482115698757672
845200553024497606
720626684081324553
1355470531887607316
1469673422656344422
911327484308679415
979636884273560436
37438031
1419640569949231695
779305451659801687
32828042
1300743635716731929
37438999
1226597375094477010
958509809783882156
1472976898372032869
1268066065198313170
993917312969667312
37437121
1304167007383355952
907608382235689447
720626854811976598
1186483827647046335
911327477270759708
751727971765053517
40010744
757564357671731414
1385214648261256373
806051627029188226
1295875665423914367
32509259
1465253195713895826
1099669896113601602
42783700
1072928605267258426
1176016020553154130
34268532
1446165037238495214
1190489566355043849
1296401143225279012
1469474355231866204
