1471666195802255842
1064068912800950036
1128716240375537355
714662748945260228
1298172097393101913
967029557182726456
1195243503131619088
881047628182693571
663647930644336686
1207738153073703166
751104325908849740
1465912607353919432
1093210059037310746
608154030964981190
1457735128170264332
42029345
1367568847841986459
1320610506196742214
1406032313596040830
1459984373772679856
1417875523752265124
1188842565521032605
1047626426507168801
991518763262814615
968556098058240700
1462831043596235751
662658188204597853
1339720037093661059
1248173597889592654
662797566033041541
1456487643143776008
1045309905781440516
1364956094636287890
1480913
1298948661436487257
1302888031315170078
1481517927520913360
705602580862042057
1381567919419486119
983630203890938805
985452273027067097
1320931329999549695
758412105917430968
1221442129905076294
1388264616666408783
1211584278798258796
1434453954370231940
1454114520955454722
940530100025463981
1476299419115508768
37301934
736549996141822014
1327333286496411071
1087462800295968641
1381624135790159994
1047396385898433924
1102641376442867422
1115878885120440433
1483343885139692029
707091961634738383
1481728961377706521
750934841343881558
653946618007389715
1227928963872649867
1263703134058222217
674336811696218831
1231582897279064204
598174667498749628
1385399193092742868
1047332167978607039
1138163891411598710
925948523846924803
1266281817224352169
607037836934998564
1266199800260872373
1326087269897411025
43580567
1272142657560618854
1278584834545408823
679346111164130328
858131205689322602
661990009176436450
563292479843246345
1298163727947018336
1062852182700909861
1419331716089423434
680607346406941922
17159153
26435748
1429494862654812003
