1363006568986819901
1257015186809874582
1386057059988083519
1331840683161728558
32486807
1247610350019764192
1349816974450122699
1119982722360738758
1200523373332817063
1200986508751729576
1277955683800163155
1363014147938818061
47498003
1237991215368318494
1407895916232091321
1115702579095453176
1298307211100075240
1392333392568617782
1302856711642385995
768619633937643554
1260472298528603065
834673012123027892
1074299189824822313
1323680488646761636
1088873697185355961
1386051545818414921
42650740
1200509592022789141
1316945059780242965
1422188423335209805
786837283099844891
923559541448928305
767069391673180510
1363012481307893297
818336731748382391
1121337839993853414
1391244640863296553
1363015628277347828
1166303297283203031
1451470496684309729
31453308
1074274967976452006
43082610
1049686530573421456
1363010041062627191
43435921
1068039230103887484
1386008135433486352
1296170180545929303
27683878
44789073
1341127181889011803
1478622410765381117
