745183878225323211
22019429
1031673219665689973
1478814120459617598
27859988
1463531565607283835
1208353352474359949
873443798559383667
836821647740696251
830389421412800870
1431531529191203623
1026622225674372928
1036414942131740542
1349987925757992546
699209610856861453
1454331362601334722
1059657389968409604
1262625908652394218
998136384838479056
1478067728295389009
1448687455585712722
1232404037236627389
888904723600069383
859196034378960113
784384469401827787
1232535810998238860
35472252
1269940272231377157
14078300
890090580630118450
1432228085171231036
1327327920112137900
1154130831010121933
1198477737913513425
1198475103274409558
1154108130135463627
903780806676876698
1435343110467268916
1346771742158053315
1214358140479993541
1104305635961651601
830389438113348766
1230939572287409001
27097061
1426742197507232254
1250999434719001124
1358460928592992775
1232415192383389681
1305557862486712648
1321589188663936356
1035083284533401789
1417137370844923641
1058938751726733153
38360695
