886583914933389733
1451040510306562710
1279305739303021821
1399617142524694249
51958527
1379327159307966818
1299733884016498137
1096200280090167896
1280733725773108589
974391837143654791
1313570586725994406
1381162468136341857
882509813971172499
1414122771939685085
1401295236921942614
1344844551729308557
1459073381121391271
600362384198812329
1332310265885819596
1379674422991886149
1394618294799974209
1443476881211516439
1399856440525100898
1278014969464663502
17805197
1328049617450929510
627082232156893606
1097108676671451715
1060670105542831948
1112075803768292138
1304108312257247411
1388785526153216326
740936718324104232
1447404855468878734
1394602344309356141
933723500734471567
1304155198556660989
1399865504751156354
1461678377223181858
1390987474638300518
43338288
1399834853245958545
1378609027155889394
1301032281025052450
1072210641105939220
1385862978149019680
1389622098031117502
1461688013878624842
1328038318946901579
886491261345483331
1098842426093866044
1400568779650629288
1400566065502460191
