1404812576306556551
999747405455992173
1392310607414627064
1436080380383080740
957914853284729862
31052657
1405570870066046947
1201194467519047124
1397811268813399879
1435345842817591848
1422947146514855544
1392310412450937918
1414022866995507301
1213419276511414601
1409752741722298204
931773914901521463
1250196216689813440
31060599
889495619006021772
14490573
987482818328995499
1394551229748916612
1475783946596073756
1422994009113643901
19163757
649721974150350254
985136672327042179
1407763410836679236
859117155028346116
1368023231254654147
1278103814608983784
1334589989734509526
1366306338998809257
1483019292635263761
1321707775723694779
1151260822815961091
1409766448542648048
935394864471662348
1238138641167125165
1166223705080160142
1406261408205143220
1430842751244216591
908330960996481258
1397793912702175990
1475798768945364185
1470913959195546638
879546452889909741
1404916121883757903
1377350976135284028
1285778536535753683
889477529214353088
1413600687468590058
1396120934189283337
