1208313297158137616
572815675718835625
1259793057052201407
1259812879577753760
1259930862198592437
1259819959996472238
1259813256246423064
961127468576999701
657456424912443992
1188318566204695800
1208352527787370293
1259939114897008336
1254013275606346183
1259936953912681431
1259808980050590332
1259788794677624627
48888664
1191019840292098006
1322232433105124996
1258304091190503047
1259798697172147499
1328786252266522364
1293070773756678134
1259943158786598625
1241743759718048065
1259822197986215725
1343420569861404885
1259801854670941477
