27455706
1436553803112338361
1394899381676286511
1404743348874200826
1152649526963184524
1146653246282202954
29325878
1412330473209561486
713648007263558147
31368320
30749808
666978150758868739
40013402
647292476971955341
1399662116839855166
1351205252717291427
1243935391282952516
31275499
9333885
1121449334314054531
38332293
1120529690649300441
38329679
863681248678318924
1278580522782371796
1109270720533622425
1329461547967305119
19594256
25863830
1419182433381516313
644355348894227046
29326147
1016274324006743926
1378105969053465147
28747896
746115725331220346
21717929
1390418383776284879
1351184020838471626
1124598798197935245
741049579707819917
1340418834765570513
25008191
18532867
1304998114273768094
17149689
1189486320139631955
1243904345893635956
1412335681095890430
40001469
38310402
1189082365951616202
1471557509792559568
1244899488520147228
1276657623269156441
1099626237905542140
17288882
1278571998766643805
24637260
1071522787875400858
1098126416943604031
1230308149674786791
648010593019201024
27456755
1415012210603402843
1266483602670220978
28008479
38330506
40269246
1415021857987845633
1412345017985835655
29067867
38331362
36120103
1351194953624116341
1243486288311676991
1059206981927629009
690378628154144389
1100304393422006033
1373212130796535978
1302618643785919607
1394720031261916968
1033807090742380209
1260482260308621286
1479298248435321605
1459105742354821973
689430735649912357
22257254
1471803152828045871
