946277663635123999
1351192109256072649
1310473683975502196
860460541188786834
1365972559986438125
1358709795835664748
1228235263984878534
1248356893883179531
1249046389128107271
1151210001062722717
1290942371399297120
1253487821336529244
1396086287975307461
1424299048670585549
1259847315379679183
1326753587851552740
1279547241548255702
1460145173784862180
1348337857744616945
1388398505494857432
1453457824679581799
1221733263060324042
1192570010203254859
1480109681172885744
1151389964376480453
637962008160494521
1385185754125542777
1395673436589359322
924142976740965790
1426468642789520356
1189731487467754109
1474651529449116034
1281872096031473842
1384370288560122589
1286736826121492741
1475033065889502817
1456569956481196273
1396854841551574908
1340547855431753242
637969551162439001
1374137450053459670
1103297668916703840
1017378291513075685
1371703405324702984
1285116643804964660
1332956004603755686
1327391361652028392
1246434047665748389
1386849446611620637
1335139257750876787
1363415932540979884
1151351297822170295
1377929129296327950
