1283747358939906991
1355622977494674392
1434584598425687860
901115138390714818
43560825
1403982468235882791
888819559957655745
30189901
1446356161690529460
1222201945097112029
26476159
43560074
44055202
1325051200655416205
1076497393983406669
1062621223531891553
1446348572488145521
1297551935662079015
1196820429031357445
1027090076224189102
1311182018268819448
1425920346179435810
44525237
17851572
849047725490153770
1283759933255531054
1222239609503619099
883740609869852446
884526696863649173
818418900354447025
1231674443223514859
642421621683881752
1229521820478734182
1282947662425402786
1357795986307780243
1446142459447580418
1446322263242709858
859911928069235425
43560727
1297560447736359359
19418588
1390454210111803561
779188741613776523
1153499546212801486
1283773473878717460
859893733690983912
1196825405334351323
1409946195796695518
1446913664308769682
1170794194352818736
1196834829467433021
1176548121694292365
1456840772430041200
1306500256486967493
