1370353661799682887
1097597571410082388
1420829056234308048
1035809379199656235
21257011
1410665961759212280
1349256507026544419
1483266365565441887
1482983192915455236
1136714151651691538
1340646445770267970
1359770113964748495
44483706
1032411403291746542
973561943883602438
1026412590711073533
1468769990868166446
1319187059662017051
1357930750333229154
1417334597951039080
879152246707077363
1161514273663185331
1425912815710406042
1065737609680088518
1389464286982554419
30686327
1358352498703845960
1473769110111873395
730126354008158252
1479065718675047198
1215198147652605515
616768571533462336
643249286193926606
1097591569810775890
1313395078263744173
1427432495648930232
1081648792915004613
1277527466469176658
843192555568841496
1215176712489441163
1480347493570642161
1414513328646986344
1347633894175525013
1215082086844700964
26927272
1065746261180338604
1468390980022309310
1473748184452311462
1106255206690387392
841379403205973368
42765978
1459959447175940569
1468441584931504027
1368791301080670894
