27557358
977466606010423329
1341738698629034353
1319346288193804266
1169919225009855871
1305634842423522472
1414783623952310504
1376969050939049357
852220536602202053
1259869560188105401
1306936997130986503
1327294932311685983
1465758990445813084
1428931502869752162
40687254
1417231615734163770
1266590174572995146
1056860500654658456
1465990594634610711
1343809882806583206
1346778329774714445
1060114060014016158
731603515103920348
1298397692100699980
1344040279054975074
1367900588063948110
1273037393664817601
1479350085002408560
1389101678402341603
1170021216784971432
1348455356277336928
1324479576764962582
1327431022823355601
1347639611517920074
1356253733153422782
1361289828351859983
843733587783850347
1406679630286149658
1076038193147383712
1287571085309502464
1326825681689950648
1381139927144510215
1298481857878864913
1359196228917102243
1288081736771163100
1138749494560140190
1007879262958729349
1351997310638254833
1367927187661592049
1451173366965910540
1164367097843989810
1393240845974241300
1359995136921301755
967312758029328597
1422242227519697483
1137476752437285248
1415719307127443011
1064161915249811155
1117119632275221243
1377351963797410706
1266585296089145664
1391705273863469281
40576144
1205639084726528329
48318897
1376764307847161535
1408707891265493109
30207847
1481047093151317948
37614444
1351482675587170079
1351875849974027610
1327885643495660149
1151381937403254897
613402549749387923
1466367194183714675
1472447325969042324
1421533693131316456
1364081491649722362
1294780219204338134
1320279829799958836
1466311974647657658
1376780859715338260
998341325029839848
1375402459657150064
25431423
1471382621255068426
1283476313322232862
1436597263185584430
