1406308702845676913
766118294683186007
1202096273246212507
1375124585081009537
686748535974118791
46502486
1101127321916683187
1308422968728323246
1365924426363735788
1352174544654467939
1313837638113980166
861806447363641890
1351932836194996257
1474540415257371057
1141936243484148567
1087354254487874057
951803717069971270
839040208466644100
879738211781028456
1313841318266974482
25982067
1182614421975017520
1357046580844354282
1062042800412415192
1087360369208010157
1141926284300284032
1141908163884321578
1395443493356913658
1367387038126398143
1101179473739804795
1141945381932375994
1319538082967339193
770957405005474028
1395453287821199003
1406266095844854168
45338232
1467957188912487769
1352157682469007862
1347858794672058985
1061875523586914675
994499254558124215
1395458589419885069
994482420951801596
1425873141713253641
25983427
994480065115754789
