1377481169842781179
1466783006936841330
1466966771443205956
1184520019260677899
1389844071214603601
1152760096969329674
1140172494468136256
27842139
1468725861895495050
1441854726642111603
1383642096323372727
1083144918082203623
25902258
1364503055472486650
1458782176036107319
1387356901865288938
1423768720440367794
1210188841673851054
1377383073612119070
1405084276581484029
1467820993469473051
997862779520762232
1362975087564972175
1378701266928867078
1480306927513821840
902740396149438067
1430285352054809265
1231461508141082705
901243603524745975
789494366667537682
1434648585650666967
949491225310594045
1399116031370301976
886523307366818096
1435259476497036011
1404166327638900936
1231119321481630276
1412318766190744088
879117689307069986
1196204240382251466
1482430631042697587
1478021301071496420
1474374140736772475
1480543653708465785
1020142040461032186
989631995282737333
1188048155349315217
1407593622478224482
1479431346543550878
772784515702828834
930302194957024342
1470215395443771302
1117901973868714933
