1363006568986819901
1257015186809874582
1472463992661713538
1386057059988083519
32486807
1331840683161728558
1349816974450122699
1119982722360738758
1247610350019764192
1200523373332817063
1200986508751729576
1277955683800163155
1237991215368318494
47498003
1115702579095453176
1472439507714978195
1392333392568617782
1302856711642385995
1349820351197830168
1260472298528603065
834673012123027892
1323680488646761636
1088873697185355961
985922055543644431
1341134730909431789
1359039186126666876
1200509592022789141
939535655101211958
1316945059780242965
1422188423335209805
767069391673180510
818336731748382391
1363012481307893297
1061414104023875912
1471503107060373360
1121337839993853414
1363015628277347828
1166303297283203031
1451470496684309729
31453308
1074274967976452006
1049686530573421456
1386008135433486352
1296170180545929303
27683878
1461294786682004578
1060734164230683638
44789073
1385406004686536016
1430122412220027117
32658180
1341127181889011803
1293306416307153111
1472472652647635972
