697346203694152233
1435261598394791547
858384971893549042
1009332286691703127
1423786359514216494
1285122904805246609
17638872
1462411620357853580
1293260558232306833
1464690329897845315
723086378880406504
640168748835649789
1446125698788224138
24017754
1438369262772974099
1189761903443523743
824892706028717003
1465817368752992746
42645904
1395004195930369041
1388215983115134149
39121676
33210827
1456916129565098803
611910119892675850
1207589919571733015
1475175109574078693
1369519918579202298
1447600043586279140
789776761152936335
1096805319217074905
1218517898282528200
42895144
1294733443756409800
569864665380897446
1427304674216982126
828662163568163739
1212972870571004211
824899335105175360
48688677
873351065467510881
1468849920474252316
632257923618482396
1173182202562359577
1189769194849586524
993803148269859650
1325707903646251033
1407735783574072993
1121510175602992093
1097070582043484565
1196880954786217975
796267952384752548
1283336881539773171
771491206355639047
