1202320549082688510
1431080503415553841
884276754059760294
1119469235317905776
1082098874916765017
1067110130367753773
1083205160322092815
1125282276378315168
37667084
54359959
32846326
1451386051193546963
1404695588850085674
696559878651803186
977310697376025912
1482114875203331586
1465565035955024785
49047080
40526962
1209935304470228520
812523353110185080
1070024217724686273
46460364
1036811202625745966
660048273738385584
1458018697927088409
599720814234166357
1426443147456443958
1036796897497197554
662603866295754650
820711591494268959
37666554
1294709527216256273
645941788054807151
1451423066181747906
1470767033620544286
907913274466246138
40977041
40525384
1449856073903098169
41301975
1275065106218831800
1453418037237356055
1172779803867326710
1012553475563213205
34549616
1298309305759265056
1482325607828122993
1475336000603947106
1055571845421565846
700411826248445635
1471599994073364405
1125280294688117869
1067110196716839795
