1176739331746435393
1212960090891023571
957914853284729862
31052657
1450801082133679435
761381102431576321
33617536
9620774
975581892438641661
29351692
1338415658258747498
1483814479589271650
984462894916037912
1474500600971669936
1435345842817591848
1212831710841119305
931773914901521463
984422050413026337
1231653880841808397
31060599
1164967171810325409
1413605037277867019
987482818328995499
831545431149045179
19163757
1393338589001589518
985136672327042179
1008423246162127674
884355262648646757
1431914520496012605
19859381
9818076
1406089220341608431
876397186593504564
1482450832289671833
817351471896731078
647155207932561681
1375474213349241582
601694004871492841
1241347157227458395
1474503580134810465
30942730
935394864471662348
1450046793895351482
1224562933730286474
908330960996481258
1008724260368085934
1253429084244100996
1241360201544301751
1410141326532200229
1404916121883757903
1483782043614679474
1203153868122062266
