1465150855636211386
1418625411506364463
1454347434726087867
1460049675985298265
1420017263474234388
1293695251983066626
1446792255410293548
1054097177791348028
1187630919082668566
1075291295201024510
1323067205312957829
1478763254201283884
1459755415955635815
1155697897965059530
1347544415059265985
1457921296890061948
1300502516731992466
1267320211405721165
741054427851229857
1317873571505761280
1462058564712728807
1237560040887159812
1209076403371485669
29685511
1324005579056505743
1477354192325929149
1463566069373780459
1204673107983910982
1439441781861030954
730074742113819429
1364095705305893968
1383794600666283679
1484118205445951420
1277462520796458837
1171073065407226268
1115521726617948885
1361559709998133065
1366185404733218356
1280930997370945234
1213345541147757501
1444875453690344339
1403968925699273959
1472083718919977272
1262349342198895001
1474518009989247371
1222399784340731508
1328177351601342998
1343522141345747401
1274597955288050949
1419967170117260792
1428725675085082024
1455676867127257209
