1474655734131968656
1260826753828781949
1248356893883179531
1247642362930138414
1331555305292884541
1101755006634675476
1099594643862690637
1478388005163594818
1467686554954689165
851106234518402632
1157157783357698844
1299747152303590690
1415599242347830974
898790074346014010
1462170009537248212
1333130357849837285
1200666614925702524
889430691231292008
906840978915227439
1390539219183716756
851091146645901333
1174939661143112857
1411964299932945332
1467693631536314274
1407288879527810825
1336017516897355440
1085370986304620604
1477543202761368370
1340547855431753242
1438906196231002885
1200687765241341033
1311219396157250647
929245230184027317
932992386440878225
1331581379183860453
1199759316445330338
1254783940734256415
1260830979730578269
1314076780090199453
1167860982996408348
1314066260341955957
851157994426579843
1305480771064960236
942357070995821209
922187157843428420
1330150150761411416
1476877413628425255
987576056852758040
1462865163820814770
1254721133341003763
906850011757052505
1356331318179030588
