30192162
887549634217842393
40696082
1234713080956165064
1209406974646710536
1238178221077722649
698173847444529475
1286688929263663004
1120568111938123679
1291612687570279395
1355719655566213307
887505028558649506
1377969002546154527
867835963560685893
28576711
50624502
871415894091270780
1094819944202168482
1030156248600932490
50628806
1284438012376975805
50627204
1288387478403885165
887529769410175489
1357795986307780243
842487840350029472
1283991924066179073
745828814325970346
1437007673223839642
698137402407703457
14972057
887542777283380129
47523597
1022170998992287106
1288307012696448489
44542218
1030130930240956285
1286690535467375696
44419461
1238160856293836359
887472309445506170
1407647134234425415
1436989995105783043
41750730
1238171356135590131
1406842999169018279
8058467
40999457
1238166470906464528
37790408
1238380868252407972
