1474655734131968656
1260826753828781949
1296226410925321551
1359865459315814115
1299783379576135344
1384539526031698283
1364250441686901690
1121342690587434503
1101755006634675476
1356343797588210631
1394918099670043903
1478388005163594818
1467686554954689165
1375152482088404012
851106234518402632
945344246301819179
1359856755959893019
1415599242347830974
898790074346014010
1462170009537248212
1333130357849837285
1375873827693271597
1387313165489386120
889430691231292008
1200666614925702524
1409363638476357071
1410833867820108784
906840978915227439
1255336155001249010
1299695446550237647
851091146645901333
1420263751947447528
1411964299932945332
1467693631536314274
1407288879527810825
1099589311942534745
1294199620772037685
1477543202761368370
1090991633747915551
1200687765241341033
1394923605899451491
932992386440878225
1356839073322072064
1254783940734256415
1260830979730578269
1167860982996408348
851157994426579843
922187157843428420
800987213442289173
1462865163820814770
1359867652455790017
1331593020934546244
906850011757052505
