49147145
1334402323387362595
1304516277379956340
1116828545616688982
1334446896975866342
571254132118273662
1293316902378911356
1433041103329819305
1292766146519230650
1334433963078456755
1431619328130553476
1364452677867741955
1115856926822043424
1221347595219499727
1095059771063514085
1364476083575129184
1155540229127570684
1222831981644872989
1216376699401868454
1374968356181923569
1304520990480810243
1364106893007553313
1368463351467515001
1389467510717963023
1302320323330910972
1061323098453236572
1364490692581914872
902547866979388545
1334430146738610160
1292782408329961906
