1343690472872469035
1282389212184506843
18062653
1343690545480877824
658623044987541638
51474542
1122749523209477833
1444729933963780608
43284924
1362363600545915320
1444727666562209251
1228305114007860058
17868920
658611422198652866
657851777534304807
39876654
802834156467042781
1216308197036437337
33487288
39877212
1424541660510543913
1424638599969434379
1094859045751934216
43334672
785689584855354112
657836309510570318
44560677
1106118861755819248
1189033091427242881
999802195202097533
15529219
48599495
1362343457442373519
41290527
1444262172805751430
1180936299929661883
657843258771917433
29347995
1339580222066529997
16006030
36986031
657819272008693814
52408110
1209066092963625506
1343689668484752728
50404766
15461395
40396128
