1013679814438798839
44089105
1304120194198642310
40182498
23884667
941763405302081156
1282516291983554496
1379415739832619096
1417952285655364792
1355781418068934899
1338287434609041377
1362654169051392810
1456926033301070798
650425451200538810
1163068136146920558
1392025600033154139
888311029193842828
1442815695319471067
29245929
1238129884901935697
999606942853775732
1218549742085701482
1304077765375680087
1309879262375479680
1116590218019081772
1003363514235622960
1106088953269009902
1180025634112845125
1475858392643854336
724286272994170005
1170044612816742043
1238140120364119571
50576553
1461659425770860892
887437437276934323
1182412465539914286
1201325751003953139
947390371658440606
812164768261029283
1446268079928931794
1294585835125687228
674911632639449773
1385907995318595042
1363016740226686926
1096087480800557903
1335257138158392344
1361550406313093994
1404958060311354310
756012896599766512
878273165549925273
1280733725773108589
1379327159307966818
17805197
1389622098031117502
1304155198556660989
1451040510306562710
1399856440525100898
1098842426093866044
974391837143654791
600362384198812329
886583914933389733
1414122771939685085
1388785526153216326
1097108676671451715
1394618294799974209
1400568779650629288
1328022026512224796
1279305739303021821
1399617142524694249
1112075803768292138
51958527
1072210641105939220
43338288
1399865504751156354
1060670105542831948
1353264709691225923
1278014969464663502
1385862978149019680
1299733884016498137
1344844551729308557
1461688013878624842
1461678377223181858
1381162468136341857
1447404855468878734
1304108312257247411
673603000852935407
1328049617450929510
1394602344309356141
933723500734471567
1443476881211516439
1401295236921942614
882509813971172499
833617217728309511
1328038318946901579
1459073381121391271
740936718324104232
1332310265885819596
1400566065502460191
1313570586725994406
958384927773242896