1467448443247809194
1164197950408796526
1471793418276030267
1397133487534279955
1409786515532324636
1261581275535224132
1273006638602357413
1293093835649343781
1399171172625688119
1395510637638105830
1399138944971316177
1150008417079087287
1479352086622104512
1392587521186048985
1190637150216708119
1445696393518556050
1309904894127080829
1415666397914296239
1214262434521031135
1146242072149071598
1207794134282933457
1410928191294974644
1318195902919396442
1426468642789520356
1367179222371662453
675795731412711966
1257807112647505330
1398388207364440128
1437595275664824901
777787411715060436
1312121630463795082
1365928904360458398
44257779
1417885657614657174
1439531928421149574
1398933259144090498
1439539134203631767
1376847746179925424
1287700781498156050
1304729294593454253
1123214715214230381
1409192253530324281
1467447017090162317
1477240104005717820
1318861517415646299
1332956004603755686
1392137831477314884
1390914644819350485
1026402967457345991
1417844988653453627
924142976740965790
1409202056522958845
1288373816192967248
1480530701282690030
1058938751726733153
1327327920112137900
1478067728295389009
1035083284533401789
903780806676876698
1208353352474359949
38360695
1154130831010121933
1230939572287409001
998136384838479056
1426742197507232254
27859988
699209610856861453
1454331362601334722
1232404037236627389
836821647740696251
1432228085171231036
890090580630118450
1104305635961651601
22019429
1431531529191203623
1321589188663936356
1478814120459617598
784384469401827787
1269940272231377157
1214358140479993541
1232415192383389681
1198477737913513425
1154108130135463627
1358460928592992775
1448687455585712722
1349987925757992546
1262625908652394218
35472252
1346771742158053315
1059657389968409604
1232535810998238860
873443798559383667
830389438113348766
1031663516483361773
1435343110467268916
1417137370844923641
14078300
745183878225323211
1250999434719001124
830389421412800870
888904723600069383
1198475103274409558
1305557862486712648
27097061
1463531565607283835
1026622225674372928
1036414942131740542
42568550
1157907186846318260
1353916961780364344
42318504
46344679
1228624821227691643
1349782611650210810
1284438012376975805
835048816252981027
1094819944202168482
1158606946077934849
1139797082824663457
1353922487984096977
1479596259764613115
1284404298476182468
913340571971419259
1104035835039457884
44419461
626965726587648004
42659450
46349429
891508295918585747
1157802029956381717
1070172283376193344
1101444751686771084
1283991924066179073
1101426112068970638
46358461
40999457
1353908929077337274
1353924272219658545
783030410697766264
1000481824078130586
1428704237593006955
1228632768043048151
1209406974646710536
42659638
640453297189990346
1157894246357216611
1145440628587251393
46358657
1390573136769303105
1022170998992287106
1195437811416344933
842128968989941953
1466165386663143765
887523635627528098
1479586527034539528
1228576070028898585
1157915897807427947
46349100
1166681552814145818
1286690535467375696
1228637639668989221
887549634217842393
1030130930240956285
698173847444529475
47523597
1234713080956165064
887472309445506170
1238160856293836359
1437007673223839642
44542218
1030156248600932490
842487840350029472
37790408
8058467
14972057
1238380868252407972
1291612687570279395
1377969002546154527
40696082
50627204
1288307012696448489
871415894091270780
745828814325970346
698137402407703457
1436989995105783043
887542777283380129
887505028558649506
30192162
1355719655566213307
1238178221077722649
1429467432772124111
887529769410175489
1407647134234425415
1406842999169018279
1357795986307780243
1238166470906464528
50624502
1120568111938123679
867835963560685893
1288387478403885165
28576711
1286688929263663004
1238171356135590131
41750730
50628806
1456840772430041200
44525237
888819559957655745
1355622977494674392
1027090076224189102
1306500256486967493
1222173828184629435
1283773473878717460
849047725490153770
19418588
1446322263242709858
1222201945097112029
1062621223531891553
1222239609503619099
1409946195796695518
1196837331220277721
43560727
884526696863649173
1231674443223514859
859960002557122876
1196834829467433021
1446348572488145521
1297560447736359359
30189901
1283759933255531054
43560825
1076497393983406669
1283747358939906991
1446142459447580418
44055202
1311182018268819448
1390454210111803561
1434584598425687860
1446913664308769682
883740609869852446
1170794194352818736
1403982468235882791
1007736391715002955
1425920346179435810
1446356161690529460
1196683077217402521
901115138390714818
26476159
859911928069235425
642421621683881752
1153499546212801486
43560074
1229521820478734182
1282947662425402786
818418900354447025
779188741613776523
1325051200655416205
1297551935662079015
1435261598394791547
1325707903646251033
1464690329897845315
824892706028717003
611910119892675850
1400749817016637477
1210629161262167283
39121676
1462411620357853580
1096805319217074905
632257923618482396
1359236673585798154
993803148269859650
1189761903443523743
1475175109574078693
775786221418464174
824899335105175360
1396137835687654679
33210827
828662163568163739
42645661
1213447529857980910
697346203694152233
1438369262772974099
796267952384752548
1407735783574072993
1283336881539773171
48688677
873351065467510881
1369519918579202298
639365790762530145
1234396026602354876
1405021620100551709
1218517898282528200
1136821556415138664
1120975619663796600
858384971893549042
1427304674216982126
1005515849949359999
24017754
1337671246749641773
822907479465080505
1212972870571004211
1465817368752992746
1380322049502902790
1345332087770589238
17798958
771491206355639047
808474785908577477
1447600043586279140
1148873157935672028
878064083003702911
723086378880406504
1446125698788224138
1292766146519230650
1334446896975866342
1334433963078456755
571254132118273662
1302320323330910972
1389467510717963023
1364490692581914872
49147145
1364106893007553313
1433041103329819305
1095059771063514085
1116828545616688982
1292782408329961906
1304520990480810243
1293316902378911356
1304516277379956340
1155540229127570684
1364452677867741955
1115856926822043424
1431619328130553476
1374968356181923569
1216376699401868454
1061323098453236572
902547866979388545
1334402323387362595
1221347595219499727
1222831981644872989
1364476083575129184
1334430146738610160
1368463351467515001
16503181
1335851396271476428
1060757285421216023
637845541234075459
1196880954786217975
1294733443756409800
41728535
1194907382513577118
1285122904805246609
1273705143322609829
1338011032439402872
1349075026755205827
38628604
914865793104049452
1313597786579197167
1098860781083553745
575909120962606347
1379666532266391331
1004728035106286536
1194908978018644619
1247594356831725507
650188635040696817
1471025886437379177
1213528152361615494
1015553010218643691
619388973766895901
1321389029655330520
648724716504179538
1014409586337910357
739363725396857060
1393444235114924677
623005729168727989
41628373
1470340036382050183
813200752018479169
1379654687216191648
38463274
35526233
32035956
1366600087455641233
1470946306450138911
887556577871974314
1004690533462715748
1247571228774708715
1023836956350538289
44532052
1313588474422409346
1014139840377874417
1277055242219166514
1361458395636342073
910530375625961441
1177436788376760946
1238834987973946016
1320903782970183726
17851572
19793425
994506013755558319
1176548121694292365
1013679814438798839
44089105
1304120194198642310
40182498
23884667
941763405302081156
1282516291983554496
1379415739832619096
1417952285655364792
1355781418068934899
1338287434609041377
1362654169051392810
1456926033301070798
650425451200538810
1163068136146920558
1392025600033154139
888311029193842828
1442815695319471067
29245929
1238129884901935697
999606942853775732
1218549742085701482
1304077765375680087
1309879262375479680
1116590218019081772
1003363514235622960
1106088953269009902
1180025634112845125
1475858392643854336
724286272994170005
1170044612816742043
1238140120364119571
50576553
1461659425770860892
887437437276934323
1182412465539914286
1201325751003953139
947390371658440606
812164768261029283
1446268079928931794
1294585835125687228
674911632639449773
1385907995318595042
1363016740226686926
1096087480800557903
1335257138158392344
1361550406313093994
1404958060311354310
756012896599766512
878273165549925273
1280733725773108589
1379327159307966818
17805197
1389622098031117502
1304155198556660989
1451040510306562710
1399856440525100898
1098842426093866044
974391837143654791
600362384198812329
886583914933389733
1414122771939685085
1388785526153216326
1097108676671451715
1394618294799974209
1400568779650629288
1328022026512224796
1279305739303021821
1399617142524694249
1112075803768292138
51958527
1072210641105939220
43338288
1399865504751156354
1060670105542831948
1353264709691225923
1278014969464663502
1385862978149019680
1299733884016498137
1344844551729308557
1461688013878624842
1461678377223181858
1381162468136341857
1447404855468878734
1304108312257247411
673603000852935407
1328049617450929510
1394602344309356141
933723500734471567
1443476881211516439
1401295236921942614
882509813971172499
833617217728309511
1328038318946901579
1459073381121391271
740936718324104232
1332310265885819596
1400566065502460191
1313570586725994406
958384927773242896
1096200280090167896
1229538397025317548
1233878642229651953
41465334
793816386331802924
48390951
1332377064487485656
1041614967374813314
1418109020169183464
1096637657477319909
1040412682553641537
793812083717471087
1314273877321525972
881576849471271605
990125899784744917
1292422441740717879
881436856386768230
1229531055314851577
19199513
1302204462646714792
1233884572627730014
785840845257378232
41382621
970849075474379528
799460538519905526
793776344260919566
1314298390989601999
793800958576724279
46249820
589331747560811245
1387038878544159970
1080226679160044498
1359987649800888369
1450400162173864858
1476631740647830256
1408433648430495258
1425738253003336447
1393504397025141155
1051131011325341228
1109336659332250923
1375235046679887017
1464148791495108868
1420689780917983530
1365637913749188347
1414027035122858655
1387333405037470790
1434752200986223112
1464934588429428600
1080800500929212686
974162369119172564
1356782682895260422
1463397249967047556
1253832577181321869
1191709959965676305
1470798630365114033
857560235283428193
1429008888485479395
870045871771379306
1160468672991546827
1391263506665350648
1273762991813483299
835058549121933207
1077091921013761372
1433118064782540607
46252438
1396773698265238218
1415217987156910406
901359374277792241
1378680921630433061
977307465231719638
1449040720351064887
1433808782085085091
1463406197572391343
645614243188847606
1445281295217552594
1133056467815894502
1191732692231476579
1449903197501873900
43113478
1478423814658897775
906840978915227439
1255336155001249010
1090991633747915551
1294199620772037685
1359867652455790017
1356343797588210631
1467686554954689165
851157994426579843
1364250441686901690
1375873827693271597
1254783940734256415
906850011757052505
1296226410925321551
1359865459315814115
1200687765241341033
1394923605899451491
851106234518402632
1158649280533197726
1420263751947447528
1387313165489386120
1359869630045509028
1477437667937753419
922187157843428420
932992386440878225
1167860982996408348
1478388005163594818
1121342690587434503
898790074346014010
1299783379576135344
1359856755959893019
1410833867820108784
1356839073322072064
1200666614925702524
1411964299932945332
1333130357849837285
1235508819947946561
1375152482088404012
1394918099670043903
1474655734131968656
1415599242347830974
1462865163820814770
1331593020934546244
1462170009537248212
1467693631536314274
1407288879527810825
945344246301819179
889430691231292008
1384539526031698283
1299695446550237647
1099589311942534745
1260826753828781949
1409363638476357071
1476877413628425255
1299747152303590690
1413430738210782719
1332209623939111727
1153909809762021994
1366705095587923104
1095925254513796093
1256978819402791119
1224392517796462091
1428691589686276038
926991115494173780
1415568822917384748
761104222548629483
1224205200878754214
1394787974987255347
1430167015740328581
1394807037848718120
1224380523770596070
1373889939755197741
1374424589280215640
1444708170775424791
1083970323767875031
1423091073368656101
1325887915719384421
1135389009551590274
44544568
1380306755273747070
1435319396416541162
761086868592886232
1332302432488765761
1460665251898769555
1311258563777207682
1389945665778688584
1442494935947111840
1133080949682762545
1262670373760425858
1465627892310053966
1477175372245894973
1450600141032073315
1104614316484234441
1472265032358408230
1298938532139022825
1374325631576463614
1446912538329181997
1428973841474568041
1400549711662015020
1311257412821609171
1309230927116986311
1394799383656559376
947426634974204263
1329382059165587593
919282440779482046
29172819
1133268973660928159
49842246
1448954182766283436
1424644107941860540
1304287225965598770
1353319755117179264
1033710016449822074
887241423532106014
1330963544315960104
27625057
1387698336756820067
1302685952681902571
769083294146606739
28038121
1227847580999184823
627082232156893606
886491261345483331
940347138941672795
1476071140738185193
52904771
1405036727342668154
29191158
1390987474638300518
1030117730743341289
1356936959978553283
37204932
1388427876268428238
52480579
1399834853245958545
569217062052841397
1437390595587229466
24289481
1033976317933320268
49869920
955365427007928655
1384820472614676781
590184912448781477
1477503996139945518
1215196881728587824
1476882858285785378
1330150150761411416
1438906196231002885
1305480771064960236
1331555305292884541
1477410077273164997
1010039677652267887
1246434047665748389
1322187586840546372
929245230184027317
1311219396157250647
1247642362930138414
1085370986304620604
851091146645901333
1202905804836034767
1199759316445330338
1356331318179030588
1314076780090199453
1477543202761368370
1101755006634675476
1353366751549063876
1157157783357698844
917155759514823290
1099594643862690637
942357070995821209
1340547855431753242
1390539219183716756
1336017516897355440
883660885975858256
608526659339823808
779952946982213044
20287284
1443109202274357459
1443165019742581482
999158747146138912
1360178861610388565
17467805
1186503281189089876
1093078923913260025
1060802815852333503
52061915
1297795019970091724
19792265
34161982
1234694692438381282
19199709
1205396897328251982
988857569179492645
41479051
33866066
41599798
1287424682214365350
791901476945246260
1386776216606156950
608592429856109653
1130696233779057830
1242693608762447715
880726749934369639
982500871663644553
40566706
19320252
1441089838501143148
1011965090426313543
933765843861781277
14983468
43758735
1322124298350447532
1336281880293445180
1214703413070366731
1360726833308865197
1439791248103846763
1369545785228531158
1371031614984847428
1359938238110963584
1414988701422239380
1218549598490392942
1326170240515219386
1369904220753136249
1422288349394772055
1379782022513179196
1373673990393219019
1314876924914433661
912685264439774128
1429482500118187007
762920246060825122
1414280275361835196
1369354496247033164
1290893809938879853
895455129319687418
1196719373336500924
1472953563287275121
1137877256489506213
1287319470038720351
1150749623889929310
1358341909987663738
1310268474245286898
1414876353562260591
20856961
808480211300509835
1482276759651024215
809321401587631912
1380207202133453679
1332559061018809969
1411901179695836694
45822179
1421434261250063324
931571748145382055
1104256643933050314
1397063721518116060
714979929179217364
1402893503573141502
637962008160494521
1252006163925181199
1259847315379679183
1371703405324702984
1297531796060585034
1348337857744616945
1351192109256072649
1460145173784862180
1363415932540979884
1221733263060324042
1067157032809325182
1248356893883179531
1242676235042862533
1189731487467754109
49399786
1342043814066944261
1228235263984878534
1384370288560122589
1424299048670585549
1151210001062722717
1310473683975502196
1374137450053459670
1286736826121492741
1477195853186468792
1306740225748644667
1358709795835664748
1395673436589359322
860460541188786834
1475039218285131846
1478903336046839735
1453457824679581799
1151389964376480453
1151351297822170295
1475033065889502817
1436020538029980747
1426070997600007308
1385185754125542777
1279547241548255702
1377929129296327950
1456569956481196273
1396086287975307461
51110514
1481395979722891367
637969551162439001
1285116643804964660
39877212
52408110
658611422198652866
1122749523209477833
1343689668484752728
1189033091427242881
1106118861755819248
1444729933963780608
657851777534304807
657836309510570318
29347995
1444727666562209251
802834156467042781
44560677
1362363600545915320
15529219
17868920
18062653
39876654
41290527
658623044987541638
1424638599969434379
1180936299929661883
16006030
1209066092963625506
51474542
1339580222066529997
50404766
33487288
999802195202097533
1343690472872469035
36986031
15461395
1282389212184506843
1362343457442373519
40396128
1343690545480877824
1094859045751934216
657843258771917433
1444262172805751430
43334672
785689584855354112
1216308197036437337
1424541660510543913
48599495
43284924
1368211121478941191
887906944623221229
1382431370234999991
925224664028243199
1313411775962416916
1027852936500530476
686501864570204605
1128702731069354544
1073034822294686916
1388398505494857432
1315156373454603177
43329063
43329208
29356498
32455307
37343875
1368232559259094872
883088034253996516
965583912371045294
923527293347606202
893229223307449458
1313564108025574116
1368222528962290250
897685509724935026
931619278009571614
1073041197701048589
1020213710305880532
972117663460717466
857884618218974558
890153555448760048
857817761170241830
929934700889483419
1019537829742011551
1248973821483706094
824953692759435237
1154488746885826318
1253572793341216216
42844191
43329703
1073683688780803088
1186501802578048535
1185544992997049105
1429575758652505055
1313519460288118987
1317870681222130771
1418725430879117896
1435496573815314808
1398375778725567225
1416907283423429585
846758048422205380
38884264
33261234
844411503354765045
39803953
1277493455603003817
27483776
1306225936022562718
1469192997434441546
1459447312202295591
1359969469588746756
1456826883541372001
1455597162044682895
1439494220052582566
1435208834215781674
796080805297807765
1381817898326777202
31404385
1435216346310811455
1422886045642071773
1377509496428221347
688110851772859801
33296496
1317873878289642253
1448298955508836816
1430058474206834618
788952935376581054
1073699685265644776
1459332554690200783
1458448895477792929
788939607486493485
1458555790708294085
1430809612974021457
801886739044015627
1076717805498790405
871237683011122204
36281871
1448296986111970035
1303271434942641379
41309323
23199164
1318712535146150492
1118393634285278913
37921846
53472497
32967243
873050276920199445
1256437547498723695
28795498
709670918636467294
29861009
40275041
33007596
1429399408856314444
1107472518123419346
1062663702133661642
39080554
1393961662882338778
1256120568854590566
824920946225688130
1325771840738775700
32952622
742622306357457020
974470873801259693
1304227027278425780
649721974150350254
1475798768945364185
1377350976135284028
1405570870066046947
1285778536535753683
1304011077371320201
1414022866995507301
985136672327042179
1392310607414627064
14490573
908330960996481258
987482818328995499
931773914901521463
1376432647887616553
1413600687468590058
1394551229748916612
935394864471662348
1397811268813399879
1413605037277867019
1422994009113643901
1435345842817591848
1151260822815961091
31052657
1475783946596073756
1238138641167125165
1250196216689813440
999747405455992173
31060599
1422947146514855544
1407763410836679236
1368023231254654147
1397793912702175990
1201194467519047124
19163757
1409752741722298204
1404916121883757903
1213419276511414601
957914853284729862
1396120934189283337
1409766448542648048
1422878800036826380
889495619006021772
1278103814608983784
889477529214353088
1321707775723694779
1406261408205143220
879546452889909741
1404812576306556551
1430842751244216591
1334589989734509526
1166223705080160142
1470913959195546638
859117155028346116
1436080380383080740
1410141326532200229
1203153868122062266
1008724260368085934
33617536
761381102431576321
1441651086716518489
19859381
1474500600971669936
1212831710841119305
1393338589001589518
1212960090891023571
831545431149045179
1375474213349241582
1224562933730286474
966148631524098536
601694004871492841
1176739331746435393
1406089220341608431
1008423246162127674
1241347157227458395
29351692
1241360201544301751
1338415658258747498
9620774
1450046793895351482
1164967171810325409
1253429084244100996
1388710324887790769
984422050413026337
1176760697481416758
817351471896731078
1060610493033002009
876397186593504564
884355262648646757
9818076
30942730
984462894916037912
1231653880841808397
26398536
975581892438641661
647155207932561681
1065137782568440416
681587010019903465
713554731737376913
19059452
1048463235152725713
1078951625268879172
823497888469513254
680791946928299834
23877271
1054980998541164639
1405075433045470992
1360807843026585076
1432194957350213695
21032874
1351205252717291427
1419182433381516313
1121449334314054531
1329461547967305119
40013402
1340418834765570513
1189082365951616202
31368320
1243935391282952516
38329679
1016274324006743926
1243904345893635956
29326147
19594256
1304998114273768094
1189486320139631955
31275499
1436553803112338361
9333885
1099626237905542140
18532867
1278580522782371796
1124598798197935245
666978150758868739
1152649526963184524
30749808
40001469
1266483602670220978
17149689
21717929
38310402
29325878
33499478
1394899381676286511
1399662116839855166
741049579707819917
28747896
1412330473209561486
644355348894227046
1378105969053465147
1412335681095890430
1404743348874200826
1120529690649300441
1244899488520147228
25008191
713648007263558147
746115725331220346
1415021857987845633
647292476971955341
863681248678318924
1390418383776284879
1109270720533622425
1146653246282202954
1087354254487874057
686748535974118791
770957405005474028
1352174544654467939
1182614421975017520
1141926284300284032
1062042800412415192
839040208466644100
994482420951801596
1357046580844354282
1141936243484148567
1319538082967339193
1313841318266974482
1313837638113980166
1375124585081009537
1141945381932375994
1365924426363735788
1474540415257371057
1395458589419885069
994499254558124215
1425873141713253641
994480065115754789
951803717069971270
45338232
25983427
25982067
46502486
1347858794672058985
1352157682469007862
1467957188912487769
879738211781028456
1061875523586914675
1101127321916683187
1367387038126398143
1406308702845676913
861806447363641890
1395443493356913658
1308422968728323246
1351932836194996257
1087360369208010157
766118294683186007
1395453287821199003
1101179473739804795
1406266095844854168
1202096273246212507
1141908163884321578
1035127581600889818
45585489
1127490249268350542
1308923297838512188
885700990888020712
1466993823869712752
1363490923889970902
1305364614687859169
1450716379137471825
1416393366136997506
1009691022925003922
1457845605812021809
1386591439478855517
714045731712539183
1447659143147561730
1301166071161578963
1032607736696397813
1325168355167702484
1416279179134755143
1034577327995430095
1421398456991628956
1383244286258293179
1340514810794828272
1480346771348372975
1439130683285282329
846723133327237029
1457796229216111263
1342531427144079824
1465741423648706611
1374535867597077320
1403606715146249381
1331505200631924328
1383323344106729749
1419549660110010470
32315741
1076554481566041081
895696705060357067
1069503432432185962
45585935
1446016659114646328
1462704054494589395
1283424294850322910
41074940
1217714480033661254
1367955838528816530
1422027708076922672
1466657302388514750
1477588933833677319
48742032
1373883989845366990
895771153889590688
1336690982383301885
1418548279496705934
1191273209754774402
757590269288161544
608500841169929563
588947128689658739
1169573289562928007
1446916522269041198
1449005308548641472
1152475350869361791
1047063700763250541
1418230758825112757
1430251171454277656
1403252448819873855
1435488586683218398
1464837619996182378
1393346476893166444
617942125457342228
937190310688885455
1445477399072721360
1055452541053458086
1269209768043818924
1411682100235328722
1149739950155233127
857507596669003173
1406273814660686811
1392295124438720528
1343779222296264742
588959252480916482
1299760791605870288
1359974359332687196
31575630
1228207859825520205
33840031
1426620020763230977
1477305547429246166
1444646205775507191
1445709912480469149
1443045969520713641
1471570753900473111
1476824719570344626
43600764
1414855302131701494
1337581259744275360
1335823257425611045
1376413177563647548
1222941293040156860
37796409
1438888784511700023
1151131522672903986
1342829039280366993
1476633615468310443
1229685677324855236
1454722305016569341
1474653131055725710
1427344040661933733
1299264493124953887
1389116363025930586
1472475203219391436
1095882971147240886
1368355762128236693
21965425
4512367
1242522028672110892
715042081842800060
1362904844415247249
1430994290262059944
1315927078893002806
40048182
11783951
1377452081129703065
1432585951433746061
855405914981138386
54331611
1475420976687840682
1361269245452029373
1474623816760187374
40831029
1172319737947003600
1312846016099377409
1212845464118022594
1085170585299728902
1448987516786685585
912765915659475823
1436224997368259445
1476801383788501946
1449222770979460082
1467368040583074985
1425398027588954659
1257889185054746711
1461294786682004578
1027063642399290949
1359039186126666876
1448355521481137499
1282961515250973250
1316945059780242965
985922055543644431
1323680488646761636
1007958533567302227
1151222321563760192
49260397
1430847666846911077
999737439169489889
1430122412220027117
1451470496684309729
1119982722360738758
1247565160278753943
23774508
1257558406820219567
1472472652647635972
1167863351051675090
44327606
877968225782636312
1349820351197830168
1061414104023875912
1302020940736963593
1293306416307153111
1132890213489629393
1338733264927820310
1437408486636831203
24688013
1237991215368318494
1471503107060373360
1269331216762864298
1472463992661713538
1115702579095453176
1341127181889011803
1151157492868212141
1422188423335209805
1151228825541448008
1151011114280862043
1450476499888643968
1461235009529748726
1341134730909431789
991606038407648553
1457204709370650966
9866457
1468549027786310593
1349816974450122699
1341137196630690220
1282971185789910921
1369386537926822111
940151944346315888
1054683636153713177
1039444806807829199
693762255128030442
646682255977720136
1167756403852887209
1354749296660000335
974175809630713230
1465915803500252891
1082400972265675038
1465687429202987854
48095760
992475322249733565
1476049085886492413
1300756772289936205
48432038
845159337501583341
1064966971972338098
1188886088567746392
612091528148614743
1382636416201169488
48432205
1150382933186585962
620008826280568590
1368164680779022708
797399299143106690
1304140565059419824
1304294032272470342
1301225063367813683
44423199
673570157246411496
1310700511074341061
1358720408701084204
1122474636657513412
1409429402592693979
605409003177670226
1378609953268817027
897728067680783951
25474700
1152555284396117432
857522603337625401
38713316
1416350415418627755
1166470417226016224
1363299956188827374
615424528407718335
637172819753959116
1104767776557736838
1153205120009796359
1077348551607512396
1116970935202897396
1143835257670001878
1389036626179464122
1459463251633398875
40798076
1279482325279844401
1437048858545925179
1356238466323482135
851316054970812704
1464512648195729202
1442768495766705307
1079312258568733524
1425030378529197065
886149432601940958
1161195056751872571
616285080781518153
1419906018467315304
1400345739848151533
1478100708443651886
41384408
1372102448539164190
42452043
45462733
1143272564610195603
823410792395034757
848311805070102151
1398171196517079165
554511095407617092
616280337046245710
1427820995793841848
1053959415955822646
1372116394688985558
21936643
1466411673817947303
1309142707943224777
1397561542042482589
1054100681099705209
654506497250613076
657876418488380259
593850415103854615
1470946200781786631
1073712782415369169
1374554742969554608
1459465415416761001
1054081680601853070
1460636708913301839
1461989467146801685
1374551451876673311
937636872282999232
1477988441925854809
31815136
1431057140208451323
1429534974426807054
1473807377884909317
1161237555450849738
1398300674108242783
1467808657118719225
1428763008395661825
33079710
1440988022626872336
721676485032812202
33014134
1303686444492728749
746231197557506416
1471133078345895133
1112635018858316678
1461976651340450534
689047451800265326
856033571459334817
1290323781720515779
1246596389052921904
1143953108604345089
1389867459681727497
1073519745496698779
969857108112375414
1138150943084316590
1269335082027693506
719326464468234756
1399639625776343210
1467229321090299121
1473179328072224638
1462666240725106474
1364307424433588570
871629834101142356
783960643053562718
1390250119267780510
1439125142826909674
1427905154233446859
831784353882414106
1134739886054737597
1219115879089521579
1459438695089992913
41800993
1458452951582915897
715536446797546034
1309987842751342368
1466328420464756729
31837859
1421455084548177006
1223548209420139840
43533207
630053033925540350
1406976925814932346
47229208
602018735683643922
974221571485045222
1140931690071881583
1435867633603957589
1318790675728922886
694784800033872891
995947023610691036
1392384967177320856
1088689529361942632
1482399908929951682
1429045575846774849
1117925555537649448
1393240714250609833
1469369086014988114
1099940333131610477
1447536730092882826
1294700349753662811
1293811799491765150
945404583717804639
1364279243345203606
691151888172830137
1351061781918871937
1226621347880065307
1194144475253473847
1429061910984554316
996961582337338257
1455029915570192667
1400507737945512661
1272090124211829724
1388698177068108591
1194003483142800936
863721333765655082
692468257933461709
1362093945343582883
856085565360554794
1404012202813211246
639346726705052876
850293441307176962
1249601087874390723
1409042934516031486
1127970187106602838
1018423948795642185
1466342143712189360
1197046387615820998
1106108289443454413
1049518409796120634
1068561454143892020
1387647371912450639
681739676720421586
769084806490347243
1401280030032050505
1304391961948513493
952657886097417162
1117585201017501246
871612951324284769
692317285264950307
1385954080019799478
1108968974329605057
1198474750397936392
1421533693131316456
1479350085002408560
1414783623952310504
1361289828351859983
1305634842423522472
843733587783850347
1164367097843989810
1064161915249811155
1376969050939049357
1324479576764962582
1389101678402341603
1343809882806583206
48318897
1451173366965910540
613402549749387923
1351997310638254833
1436597263185584430
1327885643495660149
1465758990445813084
1406679630286149658
1472447325969042324
1107060678694882197
1370306548338459919
1326825681689950648
1359196228917102243
1293011803456867520
852220536602202053
1428278824467126375
1298481857878864913
1321605452418461512
1340218656452680969
1429002505793834105
1428931502869752162
1422242227519697483
1381139927144510215
1339575320259736636
1319346288193804266
1030796514191666802
1259869560188105401
731603515103920348
1341738698629034353
1056860500654658456
1463566069373780459
1060114060014016158
1327431022823355601
37614444
1356253733153422782
977466606010423329
1076038193147383712
1376780859715338260
1417231615734163770
1348455356277336928
1324485411030289926
1359995136921301755
1472439507714978195
1386057059988083519
834673012123027892
44789073
818336731748382391
1247610350019764192
1074299189824822313
1257015186809874582
1088873697185355961
1315770771494719579
1260472298528603065
1363012481307893297
1121337839993853414
1135300469397396202
1200523373332817063
1277955683800163155
1331840683161728558
32486807
1363006568986819901
767069391673180510
42650740
1166303297283203031
1200986508751729576
1060734164230683638
32658180
1049686530573421456
1392333392568617782
769846144886104832
1296170180545929303
1386008135433486352
939535655101211958
31453308
47498003
1200509592022789141
1074274967976452006
1363015628277347828
1302856711642385995
27683878
43435921
1316580229892624857
37502325
923559541448928305
1363014147938818061
1298307211100075240
43082484
1263064058969030671
1363010041062627191
786837283099844891
43082610
1360501103909950960
43037290
1478622410765381117
1215176712489441163
1176413933500709483
1106255206690387392
1468441584931504027
730126354008158252
42765978
1427432495648930232
1425212288986964170
1468769990868166446
1359770113964748495
616768571533462336
1425228509538429433
1420829056234308048
1097591569810775890
26927272
1358352498703845960
973561943883602438
1097597571410082388
1389464286982554419
1425218147815648481
1313395078263744173
1473748184452311462
1032411403291746542
1413459219486156572
1417334597951039080
1161514273663185331
1136714151651691538
841379403205973368
1459959447175940569
1426619163403825343
1410665961759212280
1215198147652605515
1215082086844700964
1349256507026544419
1391621093506972858
1480347493570642161
1370353661799682887
1468390980022309310
1035809379199656235
1414513328646986344
879152246707077363
1470214563534386921
1026412590711073533
1277527466469176658
1319187059662017051
1425912815710406042
21257011
1081648792915004613
1409012388552540521
1473769110111873395
1065746261180338604
1368791301080670894
1479065718675047198
30686327
1222180270389729854
1425710015453342418
778479643750792763
1283448728674415327
1430237022033966644
1442451636501493445
1357930750333229154
1359861225249774639
1466337482447049728
1364470140196410997
1016565380739783632
1425687873336849324
44483706
1347633894175525013
38501016
1425684370999833747
1100244230571275345
1016271694478984055
1065737609680088518
824118043372607803
1383176465266644432
1353659801042006667
1401409320044063567
966487164949434955
1140256338712880528
1089865994128263704
1353640437460779954
1049589719653965592
1252707096363525512
1146182595802192461
1314092428484261113
1340998650525522452
1355528169004561488
38150588
865463728918909002
1336198182669687575
21872453
1283476313322232862
1343114992961730478
829258837330993976
1304088499199128223
1345996090322334553
579318425692732868
1274255993035881268
1159858497538291757
654530565768828518
1110614071363101241
1215719460433837161
796074858455930126
1343121398831938330
54375225
673346952864999925
1466502038157424715
825239415596532630
1259813371129359239
824116018543249498
1173404542193868583
46685667
1168672444800349786
654793965951402986
1205639084726528329
1385460393267549650
1345995282001155873
667170542826473082
1103219056408798706
665167612546505461
1266439494907750003
1353653864064161285
1362959835420728785
938123229849798544
1249996436982620278
13866136
815666308193013388
45590432
19946292
1345577682237675796
660494308287213688
745965995460447291
932980300856968749
1429391251648978662
49909888
1096207918291199613
820536505764736536
815657916618189714
20089615
815637797493457112
822984825739223392
45092822
715636443066318051
1362969078149467839
48933557
19000774
1284442829041093687
1284440713202794104
1131623076381980316
1432288284175748088
1254638646462471196
33032676
992429810834037470
41170793
29339826
36744023
1086827151810029406
1318383068789271119
1360666481735136841
1280937989374865467
42627220
1325337148317385871
1263720099451124131
49784894
1091538119861474554
1086877172144751508
39492430
1059143828623927715
1282350529682774681
616950202243335197
1284431012385333320
1432334252578762481
1073647264949337915
1171053031777916759
940764687331875515
23317109
1382596489089042712
36373491
1320965024980698201
53867061
29223854
1320973600215409730
1316300804828165619
45883719
1209119666279511238
803330876903827900
976358737552897555
823049576415445319
714142363562547873
1131637673610556688
1066750183828048530
944815109818646519
1245462655827991388
883646434684704399
1316292808781188079
1079469228134370762
1264498128186928617
997648969716538228
610515124179009334
1407896639896361139
1482253561445497938
1253310396687396164
1352836510021286509
40381988
1436068021557192966
1407788340950810999
1333776718884665864
1354701204030615130
1447566868538306555
1280930997370945234
1262134463197122043
32117530
1277171200256222085
1219256219923093643
983003416770617839
1323067205312957829
1316511213367954595
1304272272515807781
1462144802346881154
1292744717052080237
1394048314315266225
1292094588450154108
1393769265769928964
1260468454798759712
1457094368022601385
1292752618788675088
1056479879943323516
1377910826289941377
1227177683044708653
41681493
1226715101702238067
1011333618008591126
1426608935309261350
1241995204079084472
935215854141682580
1403654287140763426
1265701148029564575
657654499537196302
716225498609779317
783044281034136698
1311214323534070176
896603369900040430
757645628590508029
1425015195283757439
1422791784497272998
1216252943372749638
1262131182206191541
45183029
1279490593047483118
1386263970435580272
1466966771443205956
1269282532613499503
1327977903000459500
1481779485609083020
1120711797334989101
29685511
1214500523588525655
1237560040887159812
1213345541147757501
1403999943868708866
1300502516731992466
1155697897965059530
1324005579056505743
1343522141345747401
1149693631366384358
1293695251983066626
1293198498580560746
1403968925699273959
1361559709998133065
1209076403371485669
1429540628800789368
1457159421513379697
1436585118235233713
730074742113819429
1187630919082668566
1324999392523905805
1478763254201283884
1459755415955635815
1293073245706609171
1401264850068904666
1473416458593275416
1390920309508317889
1457921296890061948
1477354192325929149
862539815186536303
1115521726617948885
1317873571505761280
869070174007848507
1364095705305893968
1267320211405721165
1462058564712728807
1481613122382115603
1204673107983910982
1383794600666283679
1325368278860374270
37107287
1482245936371449336
1399221521134790210
1422197061177909400
1183833277414476776
1472290505976812636
1457232075644602767
1364956094636287890
1231582897279064204
663647930644336686
1327333286496411071
1302888031315170078
1339720037093661059
1248173597889592654
985452273027067097
1465912607353919432
1045309905781440516
662797566033041541
751104325908849740
1195243503131619088
750934841343881558
1211584278798258796
1320931329999549695
662658188204597853
1426674441816103525
1298948661436487257
37301934
608154030964981190
1128716240375537355
858131205689322602
1298163727947018336
796305768531778857
1087462800295968641
833222453293070504
1062852182700909861
1480913
1093210059037310746
889717443336219784
714662748945260228
1381567919419486119
1252587780549105627
1263703134058222217
1320610506196742214
17159153
1367568847841986459
1388264616666408783
42029345
1064068912800950036
1459984373772679856
1047626426507168801
967029557182726456
680607346406941922
736549996141822014
700236784571541824
1476299419115508768
1454114520955454722
1188842565521032605
1457735128170264332
674336811696218831
705602580862042057
1140172494468136256
1464455357378583653
1412135642601000955
874339796595167043
841750375163119138
989631995282737333
1228271498597844690
1430285352054809265
1396851003102619426
1238081746500807856
1410873364904503808
1396854806097434213
1402672103276477912
1465662149420272747
1456549865357849580
1412318766190744088
1451785120783711337
1394108416666805507
1448420079092804971
31872608
1189794896327505433
1407663500111741428
1196204240382251466
1141931123969067888
1380435365259160853
1405045508236638208
1399116031370301976
849677964893594671
1405568623864558382
1377383073612119070
1422496045829314979
44675596
1117901973868714933
1210188841673851054
1436731700747606872
1481025527679036182
1265820203231360913
1349393016261346151
1294816878354661815
1389844071214603601
1405876047987447810
1238337840966191897
1161924160014039510
1373929497774383635
1389476156863777587
1390359787137143218
1464339288127363060
1479289879542705679
879959317309815514
1472371094665170423
1405084276581484029
1316491453495752456
1438241736680273292
1407637103573534960
1417475896941791128
1414545479091690796
1383648070354164261
1106972325200300359
1463506401359495773
1444042210293905083
1316285335668580577
1457044420246019305
1474374140736772475
886523307366818096
1430797223904091628
1188048155349315217
1399334129181241119
1411498745370751090
1378701266928867078
623409925214194455
1414613317481978797
1457901733233711366
1414544559536213207
27842139
1469336344609030552
1467466519876687741
1453028513008969532
1383642096323372727
1330390877216873514
1326038310712398933
1251048365556475751
753502922823552313
1364522460950537822
45906060
39886730
843732740159107116
51466752
1399719942232770900
14887208
1231731525585841030
1013652794469804084
819218111501486030
22491088
711997373283060824
1333833558170847384
17162932
691103153906907763
1227284675429613667
886097600240897188
21378527
1026462393018076773
1463444258714759671
1481008790729077703
1026449337939887913
1472340357466226004
1191883853254881227
710541880415973148
897684569815256241
1167024176586664523
958509809783882156
1088776850650763775
1454676626178026625
22001130
712030629719224095
927170451476421220
1472523543388059440
1296839374642272871
1370336519000325288
1165149101895439660
1272649243949800454
914362198618495332
1020045422342971787
37143357
1415966450381986371
907608382235689447
1217666160874015167
1481000989541520484
1026477396434974234
21376728
1215115892403630915
1039390091604359614
1468571207465784429
561233330059512549
39975643
1375369739271016731
968024676001134988
38195574
1026438854673442114
1085903164927301664
968359702447107401
864889201660221006
1231554711891686030
918497826644883718
1231717253784827765
1004301121419272697
890436529072219159
41646755
1375798327024567418
1333264272055106466
897685035832406758
41649095
1042397827080329129
1418622082120835151
1378790406674009313
14986729
49847664
1399270748640183400
1205424451485144746
979636884273560436
1365600479976792336
1291246363321118055
1164470735428748028
1049965335168256371
3563828
847446154217661686
41213075
1317911412992212712
979623200325880971
883145064414027627
12592923
1102846318529875576
1399567269826320733
1400574847852677882
1378734651038940136
1369325612904658244
1112755094030093180
45533935
1400571318284223867
927908315227794383
1419640569949231695
1376923476561368537
1477439666884111254
1434567103297554026
1303979114554444984
751727971765053517
1137482115698757672
993917312969667312
1416779675366285813
1260476100836461179
1176016020553154130
37438031
1431551753886098597
1296401143225279012
1318092859264800343
1410905045036429753
1393233897767070811
1394850836099208129
1472976898372032869
1469474355231866204
1465253195713895826
1119322787517263589
806051627029188226
845200553024497606
1463732575137499645
1465047740808956997
37438999
757564357671731414
1455093039862612413
874406139253776069
1300743635716731929
1295875665423914367
709128607162258894
40010744
1421483317683928940
23623609
1268066065198313170
1469673422656344422
1190489566355043849
720626684081324553
37904078
911327484308679415
37437121
1446165037238495214
1459209360862945255
1385214648261256373
1387443497173935372
549371695289833319
1036796897497197554
1067110130367753773
38170076
820711591494268959
660048273738385584
25346140
1465565035955024785
22390005
1012553475563213205
1004019984890166733
1230791099339141384
1431080503415553841
977310697376025912
812523353110185080
20740947
44253367
10872239
1004020079281162599
1404695588850085674
599720814234166357
1067110196716839795
1451386051193546963
629905767604040204
1070024217724686273
696559878651803186
17505126
1275065106218831800
1083205160322092815
1040025273090590501
49047080
48794361
1032312436131141606
645941788054807151
705707461767593599
32846326
1298309305759265056
54359959
1449856073903098169
1451423066181747906
986662783244908160
1068248862574150915
884276754059760294
1426443147456443958
45338045
1067115559146987146
1055571845421565846
700411826248445635
17574593
1294709527216256273
1209935304470228520
1470767033620544286
662603866295754650
46460364
907913274466246138
34549616
40978921
1471599994073364405
40977041
1036811202625745966
1082098874916765017
1119469235317905776
1172779803867326710
1482325607828122993
1458018697927088409
37667084
1482114875203331586
40526962
37666554
1453418037237356055
40525384
1475336000603947106
672021950442575229
1125282276378315168
41301975
1125280294688117869
907880632562647633
1177365517811363142
1478784391969107558
1452915160637358864
1283627651180127100
1091935757909938886
41633557
1405582266246071574
1048158148631397637
1267776449236526444
793920569641521312
1122984549114080860
1382459009257947141
1381162222903983951
1233112700367504057
1454765614397445731
1403446648214417893
1396154963613178059
1386677532065757597
1471531915365392937
1031465360129227817
1388376929946599747
1159412409840447672
1384731528404915756
961171281068100779
1431605467185777854
1446722428608010971
1451066875165475055
22589417
1406260562951662161
1207035858513313814
1120381409193482098
1467364918597615027
1481210720616335984
906297344038445664
1408674444467459483
1153589081980073948
773828902752184528
924506892642279589
1436254323704523147
1268133713426819537
1433107160024710185
48582818
795359010871725861
1048145499764287310
1411263390436807296
1051928070847582780
1398509000837952055
1355560805442583268
1400346889584485614
1157584275984300517
1265931381903694458
1332993816634870103
1454371977616308291
1420191122138929647
37440015
1446148058659856066
33073550
42783454
1186483827647046335
1226597375094477010
1227878723288404481
1464248646671055251
47721896
33073531
32828042
32632864
720626854811976598
32509259
1355470531887607316
1433239317954470529
42783700
608313107323620534
824371194974465878
779305451659801687
1286968127709232309
1462492883679565444
29351234
1099965782171795081
45167652
1064806511493360306
887245920314962708
1304079248594807592
1399677736030099659
1304121528900721536
1304131009772525540
1304126909062853851
1399687438213703858
1304071811383099946
827428411839388582
1162243908671875589
1304056834269239009
827425690890254743
1078157639927413689
1259812879577753760
1259943158786598625
1328786252266522364
657456424912443992
1259808980050590332
1343420569861404885
961127468576999701
48888664
1259936953912681431
1208352527787370293
1259813256246423064
1259930862198592437
1191019840292098006
1322232433105124996
1258304091190503047
1188318566204695800
1241743759718048065
1259798697172147499
1259801854670941477
1208313297158137616
1293070773756678134
1259819959996472238
1259939114897008336
1259822197986215725
1259788794677624627
1254013275606346183
1259793057052201407
572815675718835625
